10;0.0
20;0.7154861459846061
30;0.8757364796117602
40;0.907396981368955
50;0.9058531025756975
60;0.9195544757256879
70;0.8742154380102142
80;0.929516199550596
90;0.8771534032363775
100;0.8943822130225118
110;0.8467054064729173
120;0.8718691100925791
130;0.8858554877911464
140;0.7983583875498012
150;0.8569166323647596
160;0.8023003010416367
170;0.8330136519610918
180;0.8347010383048646
190;0.8439190526122035
200;0.851738200694519
210;0.8470047811738525
220;0.8371620032412134
230;0.8436975524850642
240;0.8186235035416449
250;0.8045993529718849
260;0.8437400922803796
270;0.7954763910024742
280;0.8131612154470256
290;0.8350793771809394
300;0.8297979270874665
310;0.8323543310411758
320;0.8231603145595084
330;0.8488380241663889
340;0.8205412676255961
350;0.8135018825043705
360;0.8043676777530114
370;0.8454922824755953
380;0.8500572499381535
390;0.8661746547734526
400;0.8492486983025015
410;0.8556216738318453
420;0.8427989306455153
430;0.8070989011977334
440;0.8408180078374318
450;0.8393944550432271
460;0.8716705763867939
470;0.810596966400586
480;0.8011357459164945
490;0.9007227566308745
500;0.8448035160270971
510;0.8250290680467748
520;0.859409128455427
530;0.8737238472786737
540;0.8163865892884624
550;0.8593403677690712
560;0.8375809735626012
570;0.8555579362585045
580;0.8961870220907118
590;0.8750365293809569
600;0.8883476879509826
610;0.8634462507664121
620;0.8894668911132035
630;0.865251074825575
640;0.8818110966406693
650;0.8771288371254801
660;0.8943983825963796
670;0.9153184918757789
680;0.8539892006490443
690;0.8791706008062338
700;0.8617322755163629
710;0.8690924995144615
720;0.9150119097927881
730;0.8960050589487456
740;0.8990703380636954
750;0.8386770415999066
760;0.9066394613887627
770;0.8997070141133758
780;0.8773301426667401
790;0.8438691331314258
800;0.8613837611971528
810;0.8111362679700594
820;0.9020040736283136
830;0.9238968804764603
840;0.8749499264488465
850;0.8728388296219064
860;0.8057186359696568
870;0.8583815181377953
880;0.9225435535575892
890;0.8700685501723135
900;0.8468406950616937
910;0.8778164648978063
920;0.8022193200521083
930;0.9028257015527336
940;0.9325452381689845
950;0.9186250865806557
960;0.8682103199581328
970;0.8958299530469633
980;0.9255944088722254
990;0.8468617434141011
1000;0.8910339029903936
10;0.0
60;0.9195544757256879
110;0.8467054064729173
160;0.8023003010416367
210;0.8470047811738525
260;0.8437400922803796
310;0.8323543310411758
360;0.8043676777530114
410;0.8556216738318453
460;0.8716705763867939
510;0.8250290680467748
560;0.8375809735626012
610;0.8634462507664121
660;0.8943983825963796
710;0.8690924995144615
760;0.9066394613887627
810;0.8111362679700594
860;0.8057186359696568
910;0.8778164648978063
960;0.8682103199581328
1010;0.993945734514643
1060;0.9255275960818582
1110;0.8956922030547461
1160;0.917014438473336
1210;0.987707127382558
1260;0.9102299286910882
1310;0.9331387013325757
1360;0.8254287297809805
1410;0.9609561405254019
1460;0.9490212552169663
1510;0.8739235738002371
1560;0.966597647619348
1610;0.9963870126153432
1660;0.9592945267921477
1710;0.9176389768351142
1760;0.9265855755130354
1810;0.9025474446826078
1860;0.819025651575514
1910;0.9579186870265594
1960;1.0064627443620564
2010;1.0305387552092864
2060;1.0557317053658546
2110;1.1025894902368698
2160;1.1064726321739011
2210;0.9910535079531103
2260;0.9962141615931934
2310;0.9683969137236046
2360;1.162591365515118
2410;1.020298770147527
2460;1.0510498458420865
2510;0.8656251842178891
2560;0.848718442338633
2610;1.024599585003693
2660;0.9266323614567102
2710;1.04990505630773
2760;1.0308850371717204
2810;1.126088248872088
2860;1.02370394996955
2910;1.0061145350216196
2960;0.9353909444296199
3010;0.9198528888743107
3060;0.994297601707001
3110;0.9783121097181426
3160;1.0892734478149133
3210;1.0723065716807247
3260;1.0350673409495945
3310;1.0194318826270934
3360;0.8776537557438856
3410;0.8647849323458816
3460;1.0879103666526668
3510;1.0724130679824009
3560;1.0573510866905131
3610;0.9557232564120427
3660;0.9426669277725339
3710;1.1203624156275978
3760;1.105463979249571
3810;1.0909565779470833
3860;1.1213360693125607
3910;1.1069967333878477
3960;1.0930195019056779
4010;1.17478007698393
4060;1.1603123420457042
4110;1.1461966201230072
4160;1.1324202184388366
4210;1.2035149805549312
4260;1.1893892178723615
4310;1.1755911991035406
4360;1.2246793096007307
4410;1.2107940566574116
4460;1.197220132255423
4510;1.1839471817869593
4560;1.2010663855800776
4610;1.1880396351941767
4660;1.175292428807973
4710;1.162815863746317
4760;1.1506014113960408
4810;1.1730740547104483
4860;1.1610053915961431
4910;1.149182526101274
4960;1.1375980248300919
500;0.8938602072460452
500;0.8938602072460452
