

0.001;1;15.7916324431851;15.7916324431852;15.7916324431852;15.7913795308036;15.7913252949683;
0.002;1;15.7916324431851;15.7916324431852;15.7916324431852;15.7913795308036;15.7913252949683;

0.001;2;17.2264487900108;17.2264487900108;17.2264487900108;17.2261432415538;17.2261558313145;
0.002;2;17.2264487900108;17.2264487900108;17.2264487900108;17.2261432415538;17.2261558313145;

0.001;3;17.2265494863949;17.2265494863949;17.2265494863949;17.2261171925128;17.2261468343284;
0.002;3;17.2265494863949;17.2265494863949;17.2265494863949;17.2261171925128;17.2261468343284;

0.001;4;17.2265580680165;17.2265580680166;17.2265580680166;17.2260992238542;17.2261783685234;
0.002;4;17.2265580680165;17.2265580680166;17.2265580680166;17.2260992238542;17.2261783685234;
