time;sia_msd;temp;press
2;133.145509903424;675.505826060588;-769.806069592119
3;122.185570043966;684.527336824871;-729.294584966943
4;146.964102192798;673.793991168755;-493.619164539831
5;161.911850783583;669.237275962403;-494.522121740694
6;150.046616636136;685.322465878326;-1298.39430091024
7;146.310705122473;680.189618464166;-1307.17074417279
8;133.929853983393;692.884742464774;-1679.72488420726
9;136.787219949336;662.145831547436;-709.64450930004
10;143.77093419516;685.350189111204;-1019.41788405625
11;156.181872276016;672.113142060917;85.4848162883424
