0.001;1;15.7916324431851;15.7916324431852;15.7916324431852;15.7913795308036;15.7913252949683
0.001;2;17.2264487900108;17.2264487900108;17.2264487900108;17.2261432415538;17.2261558313145
0.001;3;17.2265494863949;17.2265494863949;17.2265494863949;17.2261171925128;17.2261468343284
0.001;4;17.2265580680165;17.2265580680166;17.2265580680166;17.2260992238542;17.2261783685234
0.001;5;17.2264850707098;17.2264850707098;17.2264850707098;17.2263433963074;17.2262061566499
0.001;6;18.6614199077979;18.6614199077979;18.6614199077979;18.6612792284586;18.6612741940909
0.001;7;18.6613136833264;18.6613136833264;18.6613136833264;18.6611477818852;18.6612182339776
0.001;8;17.2263903189474;17.2263903189474;17.2263903189474;17.2261801540664;17.2261968897834
0.001;9;17.2262893150682;17.2262893150682;17.2262893150682;17.2260920290253;17.2261782411163
0.001;10;17.2263752706664;17.2263752706664;17.2263752706664;17.2260469884139;17.2261478942407
0.001;11;18.6613221645241;18.6613221645241;18.6613221645241;18.6612660551861;15.7912724863057
0.001;12;20.096313103523;20.096313103523;20.096313103523;20.0961215298072;14.3565629470545
0.001;13;17.2265366929611;17.2265366929611;17.2265366929611;20.0960792793395;14.3564803832992
0.001;14;17.2264459413962;17.2264459413962;17.2264459413962;20.0960929507351;14.3564717766136
0.001;15;17.2264251355732;17.2264251355732;17.2264251355732;20.0960779606785;14.3563958888713
0.001;16;17.2264426051166;17.2264426051166;17.2264426051166;20.0959821615307;14.3563579511363
0.001;17;17.2264562478404;17.2264562478405;17.2264562478405;20.0959423643935;14.356393405303
0.001;18;17.2265161902403;17.2265161902403;17.2265161902403;20.0958721183331;14.3564387895764
0.001;19;17.2265368037303;17.2265368037304;17.2265368037304;20.0959714160838;14.3565003512174
0.001;20;15.791659553589;15.791659553589;15.791659553589;18.6611095958173;15.7913770726352
0.001;21;15.7916066845206;15.7916066845206;15.7916066845206;18.6611419956919;15.7914087700323
0.001;22;14.3568330158168;14.3568330158168;14.3568330158168;20.0960873715523;17.2262750377147
0.001;23;17.2264488666223;17.2264488666224;17.2264488666224;20.0959778807061;20.0961320967646
0.001;24;22.9661297461762;22.9661297461762;22.9661297461762;14.3564977058123;22.6454230313622
0.001;25;24.4009364728627;24.4009364728627;24.4009364728627;12.921597480569;17.6997036950006
0.001;26;22.9660476284585;22.9660476284585;22.9660476284585;11.4866965869897;11.1588826312779
0.001;27;21.5310922263122;21.5310922263122;21.5310922263122;12.9216246293717;6.21343602871911
0.001;28;21.5310918308184;21.5310918308184;21.5310918308184;12.9216119107757;4.61841958813835
0.001;29;21.5311827946747;21.5311827946747;21.5311827946747;12.9215578217108;4.61843839270711
0.001;30;21.5310491412379;21.5310491412379;21.5310491412379;12.9214619102391;4.61849021055747
