5;3.2383990681815993
6;3.270945577781577
7;3.263050913064234
8;3.263193346873915
9;3.241090231534069
10;3.1946963758191993
11;3.2135030458198814
12;3.226476222913782
13;3.24079199093177
14;3.2512627434721826
15;3.2044499917455735
16;3.2711062542578326
17;3.1692595083857027
18;3.210068318041359
19;3.27235438864065
20;3.212229943158999
21;3.219098641502934
22;3.2303052476947447
23;3.254960872390937
24;3.2187287086745036
25;3.2206987971424823
26;3.299378567323209
27;3.2836886317379324
28;3.2191959405405988
29;3.1844836297624304
30;3.261471625344587
31;3.2204268986901483
32;3.2406228025697215
33;3.241715233230656
34;3.18225363388452
35;3.2088077302105336
36;3.2078422206682107
37;3.2367837218244566
38;3.254595916729971
39;3.272292959250469
40;3.295512140871816
41;3.150366609971887
42;3.2731375831004392
43;3.2791463637797444
44;3.281853696026645
45;3.2048117961957687
46;3.284512924385025
47;3.2700549102902006
48;3.2425982412517502
49;3.2504029448506393
50;3.273605621152482
51;3.1557964742476483
52;3.246762927437948
53;3.2408782872923623
54;3.130162587164397
55;3.1491366373239154
56;3.1488662322343948
57;3.2208382955413852
58;3.2270096117744576
59;3.1633505440053122
60;3.1840314264338727
61;3.141270252151113
62;3.151294227413201
63;3.185258474352469
64;3.2068914188284743
65;3.1387889966127327
66;3.160455740169086
67;3.205533452881053
68;3.231417822374132
69;3.152706475090029
70;3.248819405833783
71;3.1124594685362648
72;3.1999100952536783
73;3.1653084000763196
74;3.191571499019135
75;3.1358053012305462
76;3.1974349658897427
77;3.0696201703599773
78;3.231031863703981
79;3.125717423577551
80;3.1945164610872325
81;3.1413261962143078
82;3.182080354237937
83;3.239887337408145
84;3.22929256023481
85;3.1939056856508095
86;3.203337301490554
87;3.1537664141310047
88;3.13027670156365
89;3.140467144951848
90;3.2068028816565057
91;3.2112541077752086
92;3.124360784748178
93;3.2174989507164615
94;3.155046277863475
95;3.073138315638716
96;3.08822954703826
97;3.1456485218327823
98;3.1238400213114743
99;3.183013435121295
100;3.2946377540562155
101;3.3153552961380797
102;3.139658360741963
103;3.1305581739439825
104;3.0471966043304444
105;3.072842417286331
106;3.2126049929945477
107;3.1468721283493672
108;2.987617938954225
109;3.114440658707366
110;3.0146957621311907
111;3.209998575826509
112;3.169154505469016
113;3.2148623787007047
114;3.1674215257869864
115;3.1809034669061975
116;3.197159073143584
117;3.2732770913538762
118;3.1266774429859017
119;3.0846194434119476
120;3.1358681079696007
121;3.2155077438746913
122;3.207007397658281
123;3.0345332365943927
124;3.1743522173903047
125;2.989997524900899
126;3.183785055310662
127;3.2673223134907547
128;3.101355873736745
129;3.205491606201583
130;3.08220860832517
131;2.9716793267009023
132;3.162166912481294
133;3.146915711486649
134;3.1523996177712967
135;3.0940322817649477
136;3.160840300706318
137;3.094094356207838
138;3.137866962633834
139;3.1337160688699948
140;3.092841069686524
141;3.1590795718681624
142;3.075019864341805
143;3.054423077951949
144;3.0170280225779162
145;3.1812997586130036
146;3.0574185109570005
147;3.0676902225515357
148;3.058109787392132
149;2.9804595944797825
150;3.1741177721890383
151;3.048039811715535
152;3.090711249165939
153;2.8467750633682343
154;3.0259171470893453
155;3.0944814595489043
156;3.237748896820679
157;3.0170984747014744
158;3.068215988134513
159;3.0284993346877873
160;2.9960683623894724
161;3.1826283829359507
162;2.847348129983549
163;3.195176724901843
164;3.1193087551519953
165;3.04539513107374
166;3.159438282325939
167;3.041899377952022
168;3.163363274178424
169;3.180806376099739
170;3.1511860319829257
171;3.300055849276499
172;3.252730104858326
173;3.1276506016985515
174;3.208767878044541
175;3.215152492297209
176;2.962117882583259
177;2.980533304467116
178;3.0505071133290023
179;3.141818466376758
180;3.2342949116633735
181;3.039699676263628
182;3.182649261208874
183;3.13126638362282
184;3.1789584711402257
185;3.0513145701255917
186;3.235755369417495
187;3.033140997977093
188;3.208516979776863
189;3.1760509891722446
190;3.0417999864280234
191;3.1258593303896687
192;3.115760924753405
193;3.2347423215043736
194;3.0606619097341112
195;3.2217440221384375
196;3.1775179742551853
197;3.075911221721841
198;3.11755277860453
199;3.1446438791409315
200;3.369964830328833
201;3.099597187782408
202;3.260366710072795
203;3.2993672005725587
204;3.120520413457316
205;3.1215696480264974
206;3.1180830083642657
207;3.082738059750536
208;3.14569887356507
209;3.1896945904980956
210;3.1580741858372843
211;3.116885170085532
212;3.2118334844521605
213;3.1626263425087933
214;3.0922537664524747
215;3.1122905154451512
216;3.2210539188232024
217;3.220317649224687
218;3.0468797736241027
219;2.967114786058739
220;3.026190397514967
221;3.060237084060493
222;3.1684895979182004
223;3.047078645616858
224;3.190290526768163
225;2.9386553306513505
226;3.06551872044649
227;3.173203254063074
228;3.2159658213242497
229;3.2071272333412617
230;3.167121090840596
231;3.076221214252261
232;3.1519365851191856
233;2.9857578543457604
234;3.1197041715671188
235;3.1475328607820647
236;3.137474084081351
237;3.154133510331659
238;3.2415701025793484
239;2.910088185180034
240;3.2355242554409216
241;3.024020842080117
242;3.0009975915757043
243;3.1195913915461864
244;3.2086414801219623
245;3.037774633447928
246;3.081236872113737
247;3.2493066349693764
248;3.28826639702106
249;3.1884385578389884
250;3.2247247926124993
251;3.0061755241442345
252;3.119708878741265
253;2.9536470315464505
254;3.0994757258647856
255;3.114367783938591
256;3.001950076547208
257;3.2390186273648993
258;3.32299558028166
259;3.015826377624465
260;3.097837922399338
261;3.2767549317452915
262;2.976431790784618
263;3.1021143678512098
264;3.052501838093066
265;3.120810620480764
266;3.0635851374448317
267;3.0296379174390458
268;3.129452187571233
269;3.212209600212599
270;2.9740216043838834
271;3.2112821424070717
272;3.1068281135525817
273;2.9643990638199322
274;3.042759851063925
275;3.3611565986159877
276;3.1153294527356397
277;3.054385509490707
278;3.1260165630703134
279;3.2092427250114794
280;3.0789182942208235
281;3.1042469991150696
282;2.879697086967701
283;3.3500456082076506
284;2.91130480587873
285;3.181528242475204
286;2.901565131195032
287;3.022120687137833
288;2.9219218044568787
289;2.9156087749508965
290;3.1429749133646583
291;3.1019754781498556
292;3.045644238896331
293;3.1762736177812263
294;3.0063459331809717
295;2.9242754108848654
296;3.00852240602599
297;3.2019263493008787
298;2.783316939376632
299;2.9882125156278243
300;3.020188068603782
301;2.948584381005158
302;2.8397802075949556
303;3.2197503655248516
304;2.99006405402632
305;3.258304215546548
306;2.977910930676333
307;3.190610864581088
308;3.0602509012941415
309;2.8999496556259583
310;3.172225356647582
311;3.0043068887818865
312;3.17434263990428
313;2.979260008388824
314;3.004975608945706
315;3.2207435839802088
316;2.949528920545986
317;3.0769303843597084
318;3.1099579227764917
319;3.392871976674661
320;3.0424273616544295
321;3.0586968535029806
322;3.2789524874949567
323;3.075949040748529
324;2.9139010704836554
325;2.821159228592718
326;3.022861883688482
327;3.0821760124152986
328;3.0554171679039546
329;3.306725205473665
330;3.0878458567171374
331;3.1977651244568426
332;3.0994837269553037
333;3.1180868380386553
334;3.1018732865121263
335;3.086661749418177
336;2.9362167942849515
337;3.3678213489490934
338;3.432460179515842
339;2.993338169426116
340;3.1693791270190905
341;2.9152018704074183
342;3.1550355070126033
343;3.166680735561006
344;3.0059997577741906
345;3.1710112940905124
346;3.1713406186745257
347;3.0571331534463213
348;3.204804615061431
349;3.099987342422213
350;3.3031913917754685
351;3.315331725524022
352;2.911833156744207
353;3.102552509404781
354;3.1328238412599663
355;3.314056874980365
356;3.0291149982814503
357;3.210849502058006
358;3.0907958609784907
359;2.8986206502743594
360;3.29112914607456
361;2.9699333319246555
362;2.9297773741899533
363;2.9982077007176184
364;3.1242716879053694
365;3.104649955205857
366;2.986342268207251
367;2.792788417737709
368;3.1634660635580714
369;3.150441180856016
370;3.048938032409042
371;2.953973515974909
372;3.335165894014737
373;3.0822953169914498
374;3.063961858243804
375;3.130980396532414
376;3.1104159135376874
377;3.0514417732265042
378;3.0885608096300796
379;3.1044152407394905
380;2.9648030732391017
381;3.2128890075032133
382;3.1374071688835827
383;2.902608053879778
384;3.0930132096035146
385;2.9790127749770963
386;3.2281612510609867
387;3.257298275242623
388;2.9654317376758987
389;2.897320193397399
390;3.0928598098995383
391;2.9303581248718205
392;3.1234714945570694
393;2.9783271180265625
394;3.158692382632417
395;3.054023255636795
396;2.9376480668280514
397;3.1004683234562385
398;2.953475980088559
399;2.9197555761829737
400;3.219143973750199
401;2.800248769726548
402;2.9586763375590124
403;3.0992469919761056
404;3.2240105318855807
405;3.0903988902886006
406;3.1722668152324207
407;3.276181753044106
408;3.1440890526348197
409;2.9593081427859413
410;2.9897378979926845
411;2.9051931414946157
412;2.8079013633158896
413;2.9160507607639614
414;3.017639707956421
415;3.047075425345197
416;3.0770780476503736
417;3.0816466771269364
418;3.000928754716286
419;3.144208116089177
420;3.0967992343756494
421;2.9623393215652207
422;2.767700327619905
423;2.739880592408492
424;3.0886865079166914
425;3.0869886260551604
426;2.979518575735507
427;3.004997429885605
428;3.156564164831085
429;3.217944158888746
430;2.9541764937016666
431;2.775510525726007
432;2.8649110439741348
433;2.8108444242459916
434;2.886255980088642
435;2.7982689729663477
436;2.83687531101873
437;3.0846884612720973
438;3.1539789614950324
439;3.196379612479681
440;3.10312313574239
441;3.1859365294335404
442;2.8402936053477834
443;2.905540430226053
444;3.067567320836123
445;3.0724143432726723
446;3.1203797510542617
447;2.9765785961282423
448;3.0779104240786292
449;3.2776761604210716
450;3.0286351374557383
451;3.0759130388120752
452;3.033919775337674
453;2.933626469487039
454;2.9940412859556464
455;3.109026786212437
456;3.1207061824299167
457;2.8138481276632095
458;2.989079844720597
459;2.8056424979227774
460;3.081883450143082
461;3.0574436622059524
462;2.7654926804733013
463;2.72110990119216
464;2.8898755010099673
465;2.9485122919596685
466;2.964166072808701
467;3.0616629556079524
468;2.9641963795026585
469;2.8703243639945653
470;2.934082966247072
471;2.9253933192102637
472;2.9698059564314296
473;3.1482373090109896
474;2.982811033040954
475;3.0808912032362232
476;3.2127663948582095
477;3.1907461663213175
478;3.0553528531712995
479;3.0218652178019267
480;2.889154174952991
481;3.0709654735787426
482;2.872662112570045
483;2.913902452481122
484;2.9364886786560125
485;2.8355510263578214
486;3.0023356744783585
487;3.2142093230810884
488;3.1909171519131205
489;3.2990223043098488
490;3.0414830818684973
491;3.042372010550233
492;2.955951758429676
493;3.0188421509504675
494;3.0641918629186784
495;2.99868912856184
496;3.0408332277384993
497;2.9116424449678235
498;2.7912087567420008
499;2.847885342693737
500;3.035990919082199
501;2.9869654360139477
502;3.0510941370344207
503;2.8804970256773834
504;2.8627483785145094
505;2.83531630077101
506;2.926169820113157
507;3.0589347484927507
508;2.782359813827484
509;2.877063662386699
510;2.707277690082399
511;2.9071107409445123
512;2.9917493538177884
513;3.041561297628363
514;2.9716853390380344
515;3.045784071993444
516;3.166482782640705
517;3.1295898753879885
518;3.0880585669939045
519;2.999994986395286
520;2.8087975902609172
521;2.714130108999831
522;2.9870099366473823
523;2.743749014396883
524;2.9621394869292215
525;3.0207260296516125
526;3.009211748357831
527;2.8737336189072193
528;2.904240436506319
529;3.005516606287966
530;3.27784675048528
531;3.0807019800342426
532;3.073019762119647
533;2.8713893720092774
534;2.9801570248027494
535;3.0583617872786815
536;2.7814538481043702
537;2.842141658971168
538;2.831196906018196
539;2.938501900425278
540;2.9866078312310282
541;2.910547603467746
542;2.9256055897101696
543;2.848645277278655
544;2.8213727461233264
545;2.834803520436435
546;3.0024666834107516
547;3.01712792437446
548;3.1953442636251363
549;3.1288623035475247
550;3.1405087007365484
551;2.85649801584497
552;2.8262507667280756
553;2.6775855068588506
554;2.8885931303193946
555;2.9270517564503837
556;2.800384709003061
557;2.93657611045348
558;3.143786587528861
559;2.951602528700528
560;3.0342399712457024
561;2.9145118259172347
562;3.0692870586562124
563;3.0542248678576773
564;2.805012854802311
565;2.9313920035249725
566;3.1078075859517877
567;3.1643788940717523
568;2.9336076247018537
569;2.975573744446043
570;2.9206626438579257
571;2.934662845282432
572;3.0776089885490423
573;3.1420396205398156
574;3.0900632967708948
575;3.077808662118621
576;3.00916184607521
577;2.9161979530392097
578;2.7513191546773994
579;2.9782304698050623
580;2.994532860474522
581;2.8674415138247586
582;2.8433139476867293
583;2.9385536480939187
584;2.983050884252996
585;2.981483045624928
586;3.093928403101727
587;3.1707301884157566
588;2.911503863539015
589;2.6665109588556226
590;2.6920689747010687
591;2.9462612999615847
592;3.046405942566185
593;3.214265432001993
594;3.2617459742329875
595;3.1153685011924104
596;2.833507976921056
597;2.6655361086439555
598;2.6822302293090665
599;2.531148467620565
600;2.7546203060922685
601;2.8992213346450852
602;2.949779125379366
603;3.01902691900907
604;3.038806363551837
605;3.0128659399737026
606;2.938393285705378
607;2.8336042034666185
608;2.8123684218818945
609;3.0111957851281748
610;2.924924524512843
611;2.9301867214081008
612;2.8797434409716756
613;2.902739902997679
614;2.9493664274780325
615;2.7469073909894104
616;2.7659514143528705
617;2.7686006787884754
618;2.7581461978972994
619;2.8099484731871125
620;2.8068019307447996
621;2.594105404362503
622;2.5625237752269725
623;2.785013080537787
624;2.9400455267809322
625;2.9924130741894492
626;2.9584157620416773
627;3.05452397274953
628;3.045309573184931
629;3.049896495500509
630;3.0644836391049988
631;2.865642375352514
632;2.8208874034136655
633;2.8436259745473995
634;2.939417434112338
635;2.9668467127609106
636;2.965917231462389
637;3.0695665755726456
638;2.9703731140169176
639;2.911654952821415
640;2.8391381520468904
641;2.841067223131375
642;2.707524032777103
643;2.7095943622289993
644;2.8322011524882615
645;2.9212488955822673
646;2.8701460908588476
647;2.9122739799183206
648;2.7768863429252675
649;2.929926901881399
650;2.869789254780364
651;2.899262812397307
652;3.0345824669599435
653;2.9895069143573187
654;2.9906329964359664
655;2.8434347601721566
656;2.7577777626183146
657;2.8237616142107593
658;2.9617035033915395
659;2.9478623166458937
660;2.9309788741930296
661;2.9554442968057653
662;3.013892111276074
663;2.874595891495081
664;2.7603208940118806
665;2.8158338277154717
666;2.912529470862462
667;2.8972498794538453
668;2.780540733888371
669;2.9165187772760874
670;3.068533996630235
671;2.912885463313354
672;2.9445225837810263
673;2.968120581981563
674;3.0156066205260372
675;3.056984154678811
676;3.108089010852719
677;3.1274028235434828
678;3.0443091825933943
679;3.146073249142473
680;3.043025092659892
681;3.079369850558103
682;2.852545009062278
683;2.7789118830439583
684;2.740977991766869
685;2.7350833704036734
686;2.7163189580702163
687;2.927927392393609
688;3.0240720125036833
689;2.969793396951138
690;3.143010999247567
691;3.1146542384200626
692;3.0909965469515606
693;3.02952014903875
694;2.9981357584695534
695;2.8915004507373165
696;2.9158112263564595
697;2.69140420328417
698;2.812906022190698
699;2.9660680501556373
700;2.898667498013397
701;2.7965935613130126
702;2.8224683533633605
703;2.725833703224794
704;2.840245365825514
705;2.785519163770988
706;2.7518812505841
707;2.941529427574341
708;2.8120852302912622
709;3.03191100037981
710;2.9857481421774814
711;2.7743904183655643
712;3.0583900239178203
713;2.874670702345422
714;3.0352057729841593
715;2.961935403353771
716;2.965315904166497
717;2.9722362980542245
718;2.9859463471680256
719;3.084721712314287
720;3.2485278376981506
721;3.0220631403963387
722;2.9801879496218224
723;2.8793979831752092
724;3.0278339774241325
725;3.0393155329935175
726;3.144357234981651
727;3.1758364207510206
728;3.17480440987043
729;3.117407879218384
730;3.04878665777294
731;2.942977262622699
732;3.0144555224053087
733;2.956219558246194
734;2.8742562379120162
735;2.932780589640239
736;2.8937728008640637
737;2.656264842411399
738;2.7152125713108237
739;2.7596312472227496
740;2.7914699523182644
741;2.860356529988871
742;2.968801552823852
743;3.132653312763872
744;3.3020938805601863
745;2.858474050164814
746;2.852218899085104
747;2.8576278498567245
748;2.954907960464504
749;2.822693058101963
750;2.8821941847526262
751;2.919017031889887
752;2.7384980664882863
753;2.8965077847085055
754;2.9709028596705362
755;2.9695522538434336
756;2.892908624814046
757;2.908405059920948
758;2.9371099100798825
759;2.8829757648197187
760;2.8819860545692637
761;2.753517772679613
762;2.7970061791916927
763;2.910606237645579
764;2.943760385844131
765;2.801923245367964
766;3.102831267946207
767;3.1475022973639883
768;3.181879513429504
769;3.1998773236839213
770;3.078488582666277
771;3.020681569142246
772;3.1170992750212343
773;3.21981984280769
774;3.152568246717185
775;3.1277252794911874
776;2.970952633488828
777;2.836832038887472
778;2.9684170515456287
779;3.030634846438367
780;2.9623070749532916
781;3.0643271219372026
782;2.9265276731153156
783;3.031147554426486
784;2.9773211178979047
785;2.852821585801621
786;2.6140517854476393
787;2.611402116767049
788;2.791114845687436
789;2.7368789282838257
790;2.6671538969234314
791;2.6184355844553475
792;2.70725851716694
793;2.8147606645538494
794;2.953518726779889
795;2.9827853695631714
796;2.8565963561008165
797;2.8655981057652173
798;2.8680747567023395
799;3.033177170235408
800;2.940548038854981
801;3.010361427195189
802;2.86331874270452
803;2.9088157785133446
804;2.814929477751448
805;2.8120722751751654
806;2.8953916276229346
807;3.121848625195878
808;2.888041952303392
809;3.011661440748901
810;2.972450407122436
811;2.859356085167084
812;3.095092969270328
813;2.923270820918593
814;2.8696898518068275
815;2.855648474345067
816;2.706742789509552
817;2.5206102273204807
818;2.6409406942203173
819;2.6327348842449134
820;2.5031822274751945
821;2.6671627536241362
822;2.6096416130774354
823;2.6801780016365084
824;2.7289852508279395
825;3.0228291403087195
826;3.039765148060885
827;3.183665362933477
828;3.191842774757011
829;3.1063831370532258
830;3.0318824173378682
831;3.117506618163173
832;3.1256059305424007
833;3.018136946613011
834;3.1012727980951
835;3.2014926001157336
836;3.2756473661719947
837;3.289760703882231
838;3.214066525706147
839;3.1892506321294847
840;3.1257891010959264
841;2.971954103529024
842;2.9294475562393054
843;2.838817440055902
844;2.8898661641185863
845;2.919597020881054
846;2.8102480208044667
847;2.8953542970056994
848;3.199320363375216
849;3.166005756178973
850;3.179606259137601
851;2.9663141214743893
852;3.044633143698784
853;2.9958448902469814
854;3.036599363940491
855;3.2658943931640527
856;3.1956831814391555
857;3.023525371285005
858;3.1399026240536574
859;3.0395647204364367
860;2.6871837669934338
861;2.812525065000934
862;2.6159311024957823
863;2.646301108557849
864;2.7204837186226505
865;2.775179666633598
866;2.920344184032935
867;2.8711019946997522
868;3.1103532670494953
869;3.105085111339847
870;3.20788944497912
871;3.1896865169429662
872;3.12194859010435
873;3.2994276723818676
874;3.1848967232659207
875;3.0887271677507426
876;3.081412818661963
877;3.0904657038234737
878;3.202916502122027
879;3.1075284638630203
880;3.213271813825588
881;3.053980737971376
882;2.9780514287169644
883;2.8288776386991046
884;2.7553163428892273
885;2.673917167778282
886;2.9677964946243316
887;3.053138361928928
888;3.0001051255732767
889;2.8244528162210076
890;2.9149117930286246
891;3.126274820347422
892;2.9463746691312487
893;2.7906854468373714
894;2.7980316463116304
895;2.912150018241155
896;2.9600720065484807
897;2.9906944207028134
898;2.9998363107298283
899;2.915989436155096
900;2.8765702826765147
901;2.876263120593952
902;2.9163089299487073
903;2.883820034269572
904;2.946134484239758
905;2.7926315278764093
906;2.812254565076309
907;2.7785073517537655
908;2.888643183228457
909;2.9765307621925174
910;3.0565989150430393
911;3.1678388616231814
912;3.1152036037821493
913;3.264698547413364
914;3.099695202314528
915;3.049379067244561
916;3.14142597084211
917;3.1215222258779214
918;2.974218573564537
919;3.282267993409284
920;3.241905159468481
921;3.1876095692407773
922;3.278852297342548
923;3.098438401279726
924;2.9182277212126384
925;2.7422828216811475
926;2.611923132566747
927;2.6674761379913567
928;2.7208770581247284
929;2.6774031446671533
930;2.7237219017519188
931;2.6384307273513468
932;2.6439685017511536
933;2.8400498148462043
934;2.9214518528641933
935;2.9761069221103487
936;2.9831839975419205
937;3.2968471094652743
938;3.356149302829518
939;3.311185325318349
940;3.3199095884153778
941;3.293459008053664
942;3.161316643894914
943;3.1956571880391924
944;3.236509590523073
945;3.0911225354526177
946;2.926556207093259
947;2.833125588054102
948;2.722876423054643
949;2.7408813047096134
950;2.8109711414592096
951;2.7144131437594705
952;2.7520361510569673
953;2.9395731610796783
954;3.0386493353101227
955;2.880972613448743
956;3.006887093985137
957;3.2197854598340077
958;3.308527291487289
959;3.3282744637655908
960;3.3382815246861806
961;3.454869258760022
962;3.497026906141209
963;3.3823579380207036
964;3.3470889667612638
965;3.506754649495504
966;3.3452239328281834
967;3.200396317066806
968;3.1952976614348865
969;3.131989409084132
970;3.215930552605231
971;3.194367860063945
972;3.1584351120292284
973;3.185662058262851
974;3.176843556426936
975;3.062922252182278
976;2.9692458031985285
977;3.030671645581043
978;2.908007918453593
979;2.8611968861851156
980;2.9079896845433004
981;2.9470499336857614
982;3.014211209481228
983;2.8777062041172514
984;2.9484840812380835
985;3.1228712274374955
986;3.223985397338412
987;3.1640912010730826
988;3.091896960092425
989;3.1173227440709805
990;3.2134832781401004
991;3.121313482673587
992;3.1989438347189587
993;3.0727775888668423
994;2.932787424678202
995;2.958219286404287
996;3.0166063436449293
997;3.253114155896355
998;3.3215776437651465
999;3.402812771458842
