5;4.323125911399816
6;4.330016140837916
7;4.322003695220184
8;4.279316256095766
9;4.3514776428916715
10;4.216345810560732
11;4.349620210381171
12;4.276041139078678
13;4.279291747950651
14;4.240113977511643
15;4.332091791998566
16;4.333949474450216
17;4.272268675491713
18;4.255090294225016
19;4.297278897955967
20;4.271272294838833
21;4.259477563519098
22;4.256671598877941
23;4.31592383992115
24;4.301951493062848
25;4.291536239337066
26;4.238175797272723
27;4.214779162460299
28;4.294266159428379
29;4.346852416034415
30;4.263069046605067
31;4.303309901485123
32;4.311559788851215
33;4.374467592558372
34;4.324946784327589
35;4.281566641974163
36;4.3514261369241645
37;4.3596414145754565
38;4.328600275907828
39;4.255828813848437
40;4.293966099235633
41;4.401693913657369
42;4.384058041003993
43;4.288076795299587
44;4.413833719490286
45;4.395781086172451
46;4.328163371233001
47;4.3885910858523305
48;4.395459302461342
49;4.358980775541407
50;4.3336842629770995
51;4.363827996927929
52;4.313887651518192
53;4.27757261433507
54;4.272325466631264
55;4.39032012321187
56;4.2581687692366
57;4.309850652786996
58;4.434506557920066
59;4.335068536129409
60;4.179564141529187
61;4.260255449316972
62;4.466014862561742
63;4.356723898453932
64;4.355271485118271
65;4.4308235790308
66;4.38264005183818
67;4.241146323094272
68;4.272052483266481
69;4.305156209464761
70;4.353936913302695
71;4.339694636040733
72;4.536559215790189
73;4.477431155211287
74;4.362786975709493
75;4.330340327355855
76;4.378197057062788
77;4.385273437481857
78;4.350029925934103
79;4.357114636778961
80;4.4601135762643995
81;4.29507576251409
82;4.370323039200758
83;4.463001481575737
84;4.4602702717295495
85;4.31006773287069
86;4.444205294846963
87;4.489988088861504
88;4.402909699322732
89;4.344496638905803
90;4.304631955286935
91;4.418349043567491
92;4.357279189130851
93;4.454036274250599
94;4.324118739902799
95;4.536629615744412
96;4.420044989080544
97;4.341438201882143
98;4.541987851095246
99;4.506482319417225
100;4.4699316141992
101;4.553173731504851
102;4.517887021286105
103;4.449405239265022
104;4.512505155360627
105;4.385343827680547
106;4.424150582808689
107;4.410442666539054
108;4.45527524738025
109;4.581477106186267
110;4.355501299165297
111;4.524151452999666
112;4.453090315139033
113;4.5274986445681495
114;4.691450068574229
115;4.417754544838359
116;4.476070979760547
117;4.6034035239811475
118;4.561367083385038
119;4.620547063523268
120;4.306044184610343
121;4.526498316620708
122;4.357397263335454
123;4.41824182366199
124;4.514865773589952
125;4.425758819299066
126;4.428349389060612
127;4.439687195705606
128;4.50745530713949
129;4.577084841218175
130;4.526422835171391
131;4.593902993574462
132;4.572801927716032
133;4.704455719699632
134;4.307059026355445
135;4.315717762858858
136;4.47949798311605
137;4.616984876565432
138;4.485119916869378
139;4.319955860678669
140;4.638094263284222
141;4.655740912255128
142;4.449610441867898
143;4.633594349397979
144;4.68429641027721
145;4.62442744287647
146;4.516951007052741
147;4.452712293813632
148;4.4480670069264105
149;4.7684426805813125
150;4.434990471198281
151;4.586288871360466
152;4.528305103654959
153;4.666016556493076
154;4.488666371773906
155;4.398867380832598
156;4.385439040001735
157;4.708475432232052
158;4.2898297003706
159;4.544472851339231
160;4.6250371175109155
161;4.518473282401756
162;4.624945054774714
163;4.5369121883172765
164;4.567353299406858
165;4.569152089986548
166;4.49535350043191
167;4.751299292582427
168;4.581338825157711
169;4.605555203882108
170;4.626805930424277
171;4.520195444170671
172;4.674823848758286
173;4.784246452259568
174;4.576247912824486
175;4.408051543959164
176;4.494678120023724
177;4.597166648475678
178;4.563999630818753
179;4.707976708614398
180;4.530826480692104
181;4.288355100191501
182;4.614940125605565
183;4.544853858795078
184;4.62200382904191
185;4.37831824805407
186;4.625028549502218
187;4.700605190818119
188;4.43480394889202
189;4.611244844403993
190;4.862430364307834
191;4.3893381294644875
192;4.776777043133864
193;4.631367558996589
194;4.589080546421135
195;4.756144886225677
196;4.657458309606601
197;4.8146873361898495
198;4.6138759653840316
199;4.780777167309554
200;4.702680145720333
201;4.582136382482864
202;4.972602682112295
203;4.764569011192561
204;4.740781290577688
205;4.525380353782026
206;5.003439977485857
207;4.533538915973483
208;4.696347299148621
209;4.625354239792813
210;4.642886467222664
211;4.530486717555519
212;4.443858136557582
213;4.910690312238181
214;4.610615346051902
215;4.727810566702068
216;4.681259960225434
217;4.766149862667233
218;4.674143093659908
219;4.611276487570662
220;4.875823295702825
221;4.859998764892133
222;4.706275833956406
223;4.728432715522268
224;4.5909087774161526
225;4.612962931403419
226;4.6174777955814275
227;4.635524349010428
228;4.922306058421837
229;4.561978912916983
230;4.631350065907482
231;4.649422353160106
232;4.4143712436096125
233;4.415719673548544
234;4.663488885668202
235;4.797059994602644
236;4.806958475848418
237;4.352798677261468
238;4.71168031778889
239;4.628624832291145
240;4.474024435490183
241;4.615604157088034
242;4.248647939605031
243;4.491233588259309
244;4.443521428311577
245;4.643598699720663
246;4.389451491418825
247;4.678690625798643
248;4.560409964677703
249;4.511165173108258
250;4.736029542013182
251;4.454686024888052
252;4.45103467857258
253;4.578086202385769
254;4.302974747987473
255;4.41863744975511
256;4.73691221702933
257;4.726864438404752
258;4.735920064911518
259;4.734041406533181
260;4.427626282019781
261;4.721351111648845
262;4.698010769331935
263;4.564073782059701
264;4.638786678319839
265;4.632793277016115
266;4.525199297811532
267;4.559381412038168
268;4.638840456741761
269;4.511672173072775
270;4.585758604550166
271;4.271439239060879
272;4.627503100957882
273;4.6073171100171635
274;4.881126980539891
275;4.370662315641343
276;4.294071503021759
277;4.445803785489938
278;4.534775070666733
279;4.67232317300845
280;4.695108131615
281;4.675103180285576
282;4.556498996730092
283;4.694402761644531
284;4.409153637890907
285;4.580985670039682
286;4.3815903837098436
287;4.472314191792873
288;4.596248718278188
289;4.30212894828303
290;4.500451382333868
291;4.647532698113682
292;4.858774610074001
293;4.729982899901877
294;4.657611948404886
295;4.490817004629592
296;4.447481245618984
297;4.617878168827376
298;4.486935812402593
299;4.573783789016982
300;4.269490023522899
301;4.419134128262335
302;4.529560325997357
303;4.688414963250741
304;4.534425413878821
305;4.299066131323116
306;4.362686588614618
307;4.696339891618192
308;4.357243211149391
309;4.652141899475048
310;4.527287539503004
311;4.892358844532966
312;4.401720898288978
313;4.770578216261645
314;4.5470886249659666
315;4.857753622836631
316;4.025627520512955
317;4.505304760380892
318;4.366009445314532
319;4.392998590363163
320;4.680149057310412
321;4.326435829372877
322;4.484126410751469
323;4.091624656824154
324;4.811003371328846
325;4.261921715673923
326;4.312414539799192
327;4.716046762460281
328;4.446860854033232
329;4.1737472475802315
330;4.541906082561191
331;4.416571440744616
332;4.103389931621862
333;4.482073001401568
334;4.258101755796025
335;4.471800773540776
336;4.364647872431979
337;4.51686354214527
338;4.798473017071416
339;4.3475977754045765
340;4.470595698382945
341;4.703812395669489
342;4.226436935954282
343;4.505836510102911
344;4.401029660002856
345;4.385168908542623
346;4.489638365092893
347;4.177416681986305
348;4.352713470517541
349;4.40333609128681
350;3.9962138713432602
351;4.414535687522997
352;4.672892599457891
353;4.580209147440052
354;4.37227064833198
355;4.435901539437978
356;4.630646550122041
357;4.77976149713431
358;4.5481614652530125
359;4.439401197808635
360;4.097721469945685
361;4.362761765504385
362;4.349186544278998
363;4.652751729226907
364;4.615416229105254
365;4.491671038617748
366;4.232479440863325
367;4.298648042554328
368;4.399168611663848
369;4.432936018325169
370;4.258318723234
371;4.1953115289431215
372;4.159022826973048
373;4.4173421586288635
374;4.515681550165645
375;4.550898516630709
376;4.376860699945331
377;4.422801799992999
378;4.272240193747461
379;4.584658685967742
380;4.721787161852894
381;4.41046151657138
382;4.4026557046568495
383;4.293361113783197
384;4.1649626416080725
385;4.2062271786881436
386;4.450378219821246
387;4.59586911357659
388;4.24998239851091
389;4.130828125800463
390;4.305833914882345
391;4.521174857605431
392;4.43344538508053
393;4.588377373212651
394;4.364395260090914
395;4.012472892348419
396;4.303602171403502
397;4.639030185647994
398;4.9353231853585084
399;5.091219330494803
400;4.58873559102845
401;4.647747650467998
402;4.370222400046373
403;4.126575021258896
404;4.442334728427873
405;4.313340012340928
406;4.842285114987633
407;4.372495390119863
408;4.154509958866865
409;4.282193291290165
410;4.320754625882047
411;4.535243026302791
412;4.667595684327308
413;4.528287854414549
414;4.247833417439261
415;4.378605241587457
416;4.696571094288277
417;4.838196292768271
418;4.315262605585681
419;4.366988763920698
420;4.3443248847196125
421;4.602876119088463
422;4.5962532869715504
423;4.058932879592816
424;4.142229445579543
425;4.365473390899397
426;4.293785527333113
427;4.236620933688725
428;4.4148309665896415
429;4.588109132956419
430;4.552765771673082
431;4.437789273795669
432;4.409442981649389
433;4.524330706981189
434;4.827638927626659
435;4.36585993510322
436;4.446073781820963
437;4.814990229504762
438;4.755946147344187
439;4.294229269489823
440;4.486165009784216
441;4.622518562034402
442;4.763924289998213
443;4.31427942354123
444;4.490350504678819
445;4.8944326370934315
446;4.48198498130627
447;4.412986802436312
448;4.236993476329917
449;4.349512078951807
450;4.619100041182315
451;4.472443846023448
452;4.3786289114348085
453;4.349982179456283
454;4.53317400886175
455;4.575929640627751
456;4.3529174308541565
457;4.040780911789392
458;4.096649244829868
459;4.565565675043631
460;4.414713650302151
461;4.4463641230407
462;4.499288518556964
463;4.794772167662382
464;4.837328552773642
465;4.612776267708989
466;4.2276443749817
467;4.213672441955195
468;4.215593057783522
469;4.314139454506024
470;4.485625784354484
471;4.646068691117837
472;4.369975063625201
473;4.264223330056243
474;4.014970253527108
475;4.426700298296006
476;4.616746594051395
477;4.524218882954614
478;4.763193015870346
479;4.3860998928567705
480;4.479940982615284
481;4.199249244183328
482;4.470425016132116
483;4.43233940808636
484;4.032492999682009
485;4.257500252400577
486;4.503234490754146
487;4.770793539061044
488;4.49461258817612
489;4.37629417607965
490;4.6023706048417115
491;4.781411749971467
492;4.452691392635343
493;4.137350314485653
494;4.15716121706653
495;3.8557938434371097
496;4.075034495754888
497;4.415543838012357
498;4.535464456156116
499;4.157214018738335
500;4.428411879871082
501;4.17124378145181
502;4.359105299655485
503;5.106037292357572
504;4.5859430415179405
505;4.428617033152198
506;4.110323049035316
507;4.381948432210674
508;4.075864447118685
509;4.189966319415203
510;4.053824561487603
511;4.09189823131097
512;4.296211704361542
513;4.376087796917481
514;4.512135618917074
515;4.4202195566479
516;4.254620816597609
517;4.118032525254354
518;4.591157185985243
519;4.682384005399104
520;4.996945927004423
521;4.491286702010017
522;4.428393789745455
523;4.305469733827939
524;4.705908086711338
525;4.5809155297893716
526;4.942932939681625
527;4.315441455982831
528;4.209833278836369
529;4.0578067996645695
530;3.933790079555641
531;3.943267221755937
532;4.263950600345386
533;4.495041479062914
534;4.477308515560505
535;4.367078956693615
536;4.0854799406424185
537;4.228296978322653
538;4.114005577425146
539;4.274091190426026
540;4.186383049596904
541;4.410566477030241
542;4.243361885081472
543;4.135227990314159
544;4.3445920843479975
545;3.9583875019023584
546;4.1084065253692765
547;4.582422079391846
548;4.459317219873115
549;4.155414090995431
550;3.899952314879276
551;3.9241696391992074
552;4.090791986601314
553;4.378782807084822
554;4.171129752417551
555;4.23843920582027
556;4.087937908530763
557;4.2725111491285075
558;4.230785402511073
559;4.799488271126057
560;4.758224593816093
561;4.489133240030084
562;4.370883768480728
563;4.631019577170755
564;4.413341203061952
565;4.391071969861164
566;4.351195788368451
567;4.268545641616628
568;4.00884481826286
569;4.034093501649949
570;4.308705587671631
571;4.388210130012404
572;4.071083079911934
573;4.264281435668609
574;4.596732615388581
575;4.571675563189964
576;4.652784915566254
577;4.490077979383372
578;4.524368166553187
579;4.78075259638032
580;4.474721506047629
581;4.405592207386672
582;4.132400176608374
583;4.185508677194379
584;4.235853881089445
585;4.165813224229127
586;4.471463087316151
587;4.60031681428458
588;4.178194502361936
589;4.102254580890415
590;4.261584492546139
591;4.3983916721306695
592;4.355857939134358
593;4.637476127920012
594;4.633328549822864
595;4.4480461847135935
596;4.036411486954082
597;4.174319150634867
598;4.376508762098368
599;4.35456041214457
600;4.064270288819352
601;4.19875720856165
602;4.304902375180672
603;4.026330902776092
604;3.7924659031147354
605;3.7871898545717757
606;4.111142525340454
607;4.107105413842291
608;4.356271351267132
609;4.306855496394145
610;3.86121832316277
611;3.602825217375617
612;3.8438804980831836
613;3.86221325091547
614;3.837067170519748
615;3.928494135776573
616;3.8309207130491085
617;4.396162630035333
618;4.618677972398665
619;4.422597672840939
620;4.419328392108568
621;4.471470055440435
622;4.422301360544606
623;4.200586368676012
624;4.028188940274806
625;4.134913393906233
626;4.1278422658509415
627;3.819650534071545
628;3.666557673980169
629;4.059604150535945
630;4.137452445510748
631;4.192004306704113
632;4.02601918308082
633;3.9083348205205164
634;4.239071891144586
635;4.279857346636583
636;4.386571625653842
637;4.346336299915746
638;4.4050237060554975
639;4.673323693576559
640;4.677072248380993
641;4.3808386220087785
642;4.2081198832117055
643;4.236756584710671
644;4.04095753938493
645;3.774046979032836
646;3.816327020809569
647;3.828291959290531
648;4.204744106826632
649;4.101523012412518
650;4.181064054097452
651;4.250783257465773
652;4.357004520964812
653;4.321784016153103
654;4.310799696789173
655;4.607016121482899
656;4.350417013667161
657;4.212382611010823
658;3.805515337704761
659;4.0456805447787545
660;3.9948330220087533
661;4.128908766302521
662;3.913554977459113
663;3.979635174474123
664;4.03697009653386
665;4.067629924489706
666;4.475656486908909
667;4.4171936897525645
668;4.304614762091106
669;4.348753817240216
670;4.549203309159893
671;4.48799327690421
672;4.442074764110728
673;4.267523869253827
674;4.156806558904866
675;4.445041792480247
676;4.3273018010481925
677;3.9778064474347605
678;4.084319237374479
679;3.9253275746785157
680;4.081808341534683
681;4.229183789714544
682;4.394984253671891
683;4.124710132210835
684;4.196230274965336
685;4.119292652390832
686;3.9772579333007534
687;3.98504923681477
688;4.1359018471408
689;4.084420009996103
690;4.249421769472071
691;4.591180492154988
692;4.540512223754649
693;4.611216916139503
694;4.361571785333246
695;4.208811083706236
696;4.235702844099548
697;3.9456920535782456
698;3.9105414462766266
699;3.555331725284023
700;3.5307728193667844
701;3.787383419387326
702;4.07096060620617
703;4.557066049704702
704;4.748791447847294
705;4.776448768931239
706;4.49704988691412
707;4.520092590791036
708;4.343768921358908
709;4.143305526179067
710;4.24684754911623
711;4.261659955080034
712;4.221993900176798
713;4.209405996653592
714;4.393265578970347
715;4.254977431335039
716;4.348559017231237
717;4.273073258615322
718;4.148283463203114
719;4.22911736157172
720;4.157274360868542
721;4.3002758900825135
722;4.512416313518673
723;4.74588973413349
724;4.5756128289786835
725;4.413106087383114
726;4.312373804012787
727;4.046284530337439
728;4.269310718011829
729;4.165972294195404
730;4.158865857625403
731;3.8560712477460877
732;3.8172270034255043
733;3.927181986362867
734;4.363813952672835
735;4.430721224222447
736;4.309575062607191
737;4.202972024734881
738;4.1090852919319385
739;4.218808845651462
740;4.0212869384821985
741;4.07898926387828
742;4.0238964223685985
743;3.813386566025374
744;3.896441646570758
745;3.968704449749115
746;4.243241987354371
747;4.116788436962818
748;4.05746549863395
749;4.220352421797598
750;4.4097064254576255
751;4.206965259757141
752;4.147859045348699
753;4.150401534528217
754;4.412937366445171
755;4.241954667029198
756;4.212021769255535
757;4.247743364836008
758;4.108322758682091
759;4.181109654609422
760;4.386149805715148
761;4.45076452540831
762;4.299129304271653
763;4.278795380295628
764;4.513259776005788
765;4.648868759861051
766;4.724765451320236
767;4.414021701814077
768;4.504797620845836
769;4.768903478586617
770;4.194121627423667
771;4.15807939908008
772;4.092784776386195
773;4.106756097014876
774;3.710207711301763
775;3.915472918709895
776;3.82302307253376
777;3.7580250562641933
778;3.9189420999529867
779;4.064375810086566
780;4.134370625309209
781;4.095933645291376
782;4.486083344505946
783;4.827248062741895
784;4.666314374682607
785;4.788030816513674
786;4.745902919666854
787;4.57037020810349
788;4.502224293102891
789;4.221146205053463
790;4.045191230752092
791;4.2827207083464005
792;4.250016714063018
793;4.211308208321975
794;4.358985551535947
795;4.349252033714994
796;4.514925627525935
797;4.1961793959925995
798;4.454481676109949
799;4.170382304471432
800;4.141103035176948
801;4.25766913555787
802;4.184890085266454
803;4.378532558953847
804;4.283694235692839
805;4.260387832266412
806;4.365015242468505
807;4.026327995621694
808;3.946676165989439
809;4.158189095902365
810;4.1963495827411785
811;4.439793715385739
812;4.30214876854805
813;3.9254874594933087
814;3.8013353758652535
815;3.7667395128852372
816;3.594470893288993
817;3.596698953108416
818;3.6955355817230315
819;4.021040151136149
820;4.051883809696722
821;4.240582907559133
822;4.4974680619274965
823;4.207743656493857
824;4.34237706821526
825;4.053177551362255
826;4.165607642272246
827;3.8057268393703816
828;3.8514278364551453
829;4.037263914994321
830;4.040840031426464
831;3.9398983722771916
832;4.251826589874982
833;4.1570985643062475
834;3.7603362397325863
835;3.9336787065231396
836;3.890232986150403
837;4.009182931548727
838;4.395643490836804
839;4.485255091803161
840;4.3441350143675175
841;4.516440516217242
842;4.420991919414612
843;4.276554647266949
844;4.345022347991212
845;4.248679890106575
846;4.0415297330419815
847;3.979692397844736
848;3.9091500349018644
849;3.9727609379184092
850;3.957726884348698
851;4.013943990265146
852;3.939964689895107
853;4.028441257026493
854;3.6971290485140496
855;3.9241269347365972
856;3.8621805453484366
857;4.131744919466781
858;4.1479906744535535
859;4.0459301096292295
860;4.532369584220327
861;4.446641604518753
862;4.782861598178204
863;4.443347111704724
864;4.415228084672947
865;4.334312427662829
866;4.352018841079449
867;4.346186299265397
868;4.289919802145247
869;4.240788625700223
870;4.286879975305312
871;4.2822256745211185
872;4.3044211761659685
873;4.385756212812393
874;4.448122499703822
875;4.461575677751561
876;4.405396707738324
877;4.245385668624664
878;4.298422013776711
879;4.389775304299866
880;4.540268735897844
881;4.598869532021309
882;4.3160185102476785
883;4.63318975551865
884;4.65110226483449
885;4.486142559807102
886;4.112000188122077
887;4.2975511253751595
888;4.335763747226579
889;4.319890103577019
890;4.606184682749181
891;4.341331685072634
892;4.481635459550952
893;4.262236456186977
894;4.340695519663311
895;4.107645307442542
896;4.158612829183188
897;4.242197094181565
898;4.318376771672867
899;4.181234519741093
900;4.219493655832323
901;4.222947504002001
902;4.445222501404639
903;4.5596597104732215
904;4.593363864230382
905;4.380678752564365
906;4.6254101038086155
907;4.735329324531322
908;4.380333687529252
909;4.5614424854266264
910;4.311308745967643
911;4.127906195923071
912;4.13429025916176
913;4.0263846119183295
914;4.098405420291386
915;3.86162786033082
916;3.8433020930485298
917;4.03310405917471
918;4.319763922636325
919;4.285507925986966
920;4.342679149566576
921;4.257542421410989
922;4.294375797663585
923;4.515447501678779
924;4.365332228566184
925;4.5976414291815315
926;4.639997700698801
927;4.561762512914419
928;4.604002692668058
929;4.446464046504966
930;4.586656553372344
931;4.47476763522406
932;4.241326233146695
933;4.1589519034236195
934;3.9727361184831587
935;3.866349845698432
936;3.8997451278599726
937;3.884567014828352
938;4.052928804586601
939;4.198932950028549
940;4.2396739553009075
941;4.226242385868438
942;4.162146887649322
943;4.36742207026091
944;4.139052752750282
945;4.162375213061236
946;4.030299483989037
947;3.9590082831684046
948;3.8849214769678992
949;3.873936358641205
950;4.1045649421460695
951;4.153206844119491
952;4.374072393625431
953;4.298479736153543
954;4.2838322638260635
955;4.582989320332126
956;4.586377170629776
957;4.472081529404138
958;4.570788943701127
959;4.356021335705161
960;4.284922123497312
961;4.402534347491653
962;3.867320573245621
963;3.815647695462725
964;4.160748149775953
965;4.143092320984083
966;4.00969641878772
967;3.747121904686028
968;3.835273824461004
969;3.7776652941120488
970;3.8907212571814984
971;4.126918178580096
972;4.139842523072659
973;4.164659822731864
974;4.200636277912271
975;4.1806567199605835
976;4.144802438929478
977;4.385748487764113
978;4.54409367003841
979;4.862038280626797
980;4.744274556290008
981;4.9700879234047735
982;5.026122310594263
983;4.894871735637986
984;4.678187651543707
985;4.744640909380017
986;4.429068674201047
987;4.40305974324213
988;4.358247515054876
989;4.094490779069388
990;4.035389240724495
991;3.827775040431534
992;3.7898398752494615
993;3.820887720319318
994;3.7226647169741285
995;3.8379735801730983
996;3.5999741363621065
997;3.6350940233617854
998;3.6510705134710166
999;3.802825682661795
