5;2.166876998806333
6;2.1519699648426935
7;2.133467934621446
8;2.143310533618533
9;2.1302425668524516
10;2.1392653702834497
11;2.1058731327519085
12;2.0956638707520283
13;2.1116554588210694
14;2.140192087635524
15;2.116890902891272
16;2.097710100886783
17;2.1276788533875868
18;2.114544686371884
19;2.0992486203140857
20;2.0836973255975497
21;2.1228713338363674
22;2.1025315657252652
23;2.0981494311905666
24;2.122492839157257
25;2.1412120307325666
26;2.1004034230889235
27;2.1356921338238917
28;2.1529385291539613
29;2.1695769744512887
30;2.0907321210029677
31;2.088421695049536
32;2.136352711374973
33;2.096857011679384
34;2.138823111897009
35;2.1014775977582363
36;2.105124948313629
37;2.160404524558635
38;2.103956641785154
39;2.120367394314289
40;2.0866654223254
41;2.125220216462447
42;2.099958415300637
43;2.1241152973520827
44;2.0995072368569776
45;2.1072534472765607
46;2.097104797919836
47;2.110089746710009
48;2.112902678332157
49;2.1289480621909598
50;2.13748456838885
51;2.1447344373315826
52;2.1184940407368376
53;2.10928176954049
54;2.128955702974207
55;2.1343292509783978
56;2.1293265313116594
57;2.1408272322144204
58;2.14350955579438
59;2.0816806102990277
60;2.055886285361828
61;2.073310349923062
62;2.0785445940927834
63;2.0772759064128334
64;2.1233846959535545
65;2.0792610637533926
66;2.128900022386964
67;2.0997496121284325
68;2.1231886503821196
69;2.065075157997454
70;2.1154543622333937
71;2.2148082419597603
72;2.0581416236894197
73;2.021241410701971
74;2.1651071583867365
75;2.1694468607056057
76;2.0949404131062908
77;2.156341124431626
78;2.0756351658405503
79;2.1047374065608144
80;2.0739364561606
81;2.1369076396803526
82;2.007113965476983
83;2.108628384055491
84;2.0459562318761
85;2.062874942330249
86;2.1051332636950795
87;2.1460199712369086
88;2.115347453622059
89;2.0520556857195547
90;2.0716317589064395
91;2.0662504883529906
92;2.097491816978741
93;2.0928420053753594
94;2.097618200362056
95;2.122149700604179
96;2.1245929505889922
97;2.05426945123763
98;2.126600374091937
99;2.050368697382505
100;2.0653907675811833
101;2.115303299250008
102;2.118106411218938
103;2.210553134083708
104;2.113392668581213
105;2.0704020116900925
106;2.054577595812461
107;2.163759629367524
108;2.014081001393916
109;2.0782899483238433
110;2.130141475785092
111;2.1655221132763596
112;2.21203350052422
113;2.0860613458516526
114;2.15923857035777
115;2.055803416731208
116;2.0712169518026773
117;2.1363301739022913
118;2.102776531795288
119;2.0375727396501935
120;2.03603907453756
121;2.033887073457517
122;2.0422354565518495
123;1.9748368666258906
124;2.0384582607824298
125;2.0450134415891665
126;2.0878745664229603
127;2.021387066674714
128;2.0543333815432523
129;2.12971959758877
130;2.0988179868020165
131;2.0457006205101584
132;2.1253800449852025
133;2.04405593527061
134;2.096255684020697
135;2.172362526292109
136;2.061308139510789
137;2.101913077184776
138;2.054697814104795
139;2.0765227967889173
140;1.9977134597839303
141;2.033711726133182
142;2.062247035000333
143;2.1946152946080457
144;2.0941701552110437
145;2.0255220764211606
146;2.0077899067683718
147;2.042585774552704
148;2.1057418341198844
149;2.042404338949122
150;2.0274643225031532
151;2.0534144643629078
152;2.038590686274963
153;2.0454139317563187
154;2.1672020198186894
155;2.069468033595046
156;2.1215373514169
157;2.115703728198926
158;2.0251433890729484
159;2.172612257417202
160;2.163988643694011
161;2.100088775356984
162;2.137803402050899
163;2.013375839318938
164;2.0330523685936583
165;2.0504645635261523
166;2.1070947601317394
167;2.042297310096896
168;2.106454393637332
169;1.9785196489123962
170;2.0459285344297724
171;2.173892688202372
172;2.030739076964181
173;2.154726131540459
174;2.1379061417687013
175;2.1030020984354554
176;2.1233849281856028
177;2.1405451112541907
178;2.068600338324773
179;2.027228754358877
180;2.0884059777430557
181;2.0970916425265735
182;1.9783294179695807
183;1.9508354555914602
184;2.036187141358812
185;2.1458705429863865
186;2.0315785935633244
187;2.0933102768090524
188;2.0177838761093856
189;2.0003157101067885
190;2.0202020469202355
191;1.9965548930565922
192;2.1199326871897535
193;2.054570129147028
194;2.115010093141154
195;2.0594635895060427
196;2.0816031698564763
197;1.9610147616690572
198;2.0301294030653425
199;1.885906807902427
200;2.01661512575455
201;2.11303175951612
202;2.0321474342014065
203;2.0958839284734982
204;2.131544935587485
205;1.998198649303138
206;2.067139912014831
207;1.9696334095303887
208;2.0444881737192673
209;2.011614619747903
210;2.1202610656338203
211;2.181167035492174
212;2.048834497993451
213;2.1557418273693036
214;2.0893468924830785
215;2.073473574194283
216;1.91372516789579
217;1.946568753602209
218;1.9887996123331646
219;1.9898593818093437
220;2.0837678561248
221;2.1870072386902857
222;2.01401800063657
223;2.1092330893831415
224;2.1395804184276903
225;1.9404425475366867
226;1.9176557925720108
227;2.0097356411997565
228;2.0507848749038358
229;1.993335246359279
230;2.000729719477668
231;2.1329753295988323
232;1.9437885183035952
233;1.9997065529815876
234;2.1241369989920145
235;2.0523120875819196
236;1.857176845419311
237;2.078638959067711
238;2.094447891274076
239;2.0003930028600863
240;2.0287796270103997
241;2.0007939954026095
242;2.062390660684593
243;1.8925664919517375
244;2.1056388586948365
245;2.0612037449774574
246;1.9076028683914135
247;2.0678694440539274
248;1.9751621348688597
249;2.0202995289273757
250;1.9518383027548496
251;2.0634227650167496
252;2.036064192719406
253;2.012896673297285
254;2.016449204926566
255;2.0837578261940277
256;2.0279497037369962
257;2.146369033156564
258;2.1334352258140035
259;1.9771130006810773
260;2.0503235959384347
261;1.9507355369181327
262;1.9694291241333195
263;1.859558171101461
264;2.0035670966259147
265;2.0760470519212917
266;2.0436793119890884
267;2.0087686309215416
268;2.0935890059693216
269;1.9788863934901788
270;2.172929364098882
271;2.0998667430765514
272;1.927699620778203
273;1.9214334620726252
274;2.0357194835051615
275;1.9433395124407336
276;2.0788791851970565
277;2.0255101564253994
278;2.042178066455696
279;2.0374982000485575
280;2.019640396846927
281;2.0128169057069685
282;2.0163835419528424
283;1.9952433828580745
284;1.9866917349564195
285;2.1069053406247114
286;2.0291748072284013
287;2.146987931525833
288;2.0868807259685513
289;2.040642478407505
290;1.961143040570352
291;2.015009052233794
292;2.055208540982703
293;1.9524031034067788
294;2.0240517760587236
295;1.9628876436774312
296;2.0149579616883515
297;1.9755379451641915
298;2.026929975046417
299;1.979078133343013
300;2.0561163511621317
301;1.9405255180048937
302;1.987844513871663
303;2.0770990767930795
304;1.9916400732527257
305;1.9755652973229745
306;2.165208647454556
307;2.0075735203650917
308;1.9937305590268424
309;2.036335762068031
310;1.8755344209373286
311;2.059177315179344
312;2.0681478766977164
313;1.9581119759568
314;2.1581087076608125
315;2.18752896285433
316;2.0100458134706316
317;2.0437283793069647
318;1.9701820768974325
319;2.0801378243165747
320;2.2209178402881276
321;2.024790713851304
322;2.04533343848246
323;2.1293302881125356
324;2.079172594402373
325;2.0202857950747446
326;2.1482143703877123
327;2.091141606973902
328;2.020826835070962
329;2.0193075471175277
330;1.8941437837770416
331;1.977246712398261
332;1.978757243990244
333;2.1807238163677343
334;2.040134823651003
335;1.9422526780591922
336;2.1488573628110417
337;1.9392319561159177
338;1.975934039664795
339;2.052573439856721
340;2.0924864322436973
341;2.021637038387582
342;2.135833871182058
343;2.1032866705505677
344;1.9976219213845732
345;2.0088665572766207
346;2.0367273688138163
347;1.9423615260676417
348;1.9345177612068967
349;1.9469620222913202
350;2.2284783400955397
351;2.0900675624215346
352;2.0357454847448517
353;2.0360401319926216
354;1.9722533604924968
355;1.9665438344447852
356;2.0889461843829427
357;2.0557070039443275
358;1.995416055926058
359;1.9948657149439641
360;1.9047398335718766
361;2.077439820359625
362;2.1385589401583722
363;1.9036888807801218
364;1.90789950855003
365;2.067450855183924
366;1.9531197647373901
367;2.0661624167261214
368;1.9669602732425018
369;1.9736437442062462
370;2.110934581124741
371;1.888087030313627
372;2.011845133034885
373;2.1087405603515266
374;2.038225434862817
375;1.9519071309599496
376;1.8782998867650242
377;2.1946588175248167
378;2.0802243704820027
379;1.9525608789972104
380;2.0207644326417906
381;2.0775516625561496
382;1.926871713117482
383;1.9219379537520584
384;2.1281605069707865
385;2.0747218088271926
386;2.0615564368819537
387;2.1011809624337983
388;2.019896733006462
389;1.9683795870138279
390;2.2075052509622064
391;2.0586458020299756
392;1.9345866022911142
393;1.9699099671492584
394;1.9057318829862617
395;2.088777369431702
396;2.1079762273681424
397;1.9572820409566238
398;1.8502503939736934
399;2.1444262079855467
400;2.0732188748286164
401;1.9983501143011089
402;1.9196185520328048
403;2.1202343585797965
404;2.0715385768238344
405;2.1290227262075674
406;2.2388960626589385
407;2.189337305472839
408;2.0593895376000813
409;1.8369113167875464
410;1.838712022793086
411;2.0477956408117586
412;1.9465211116214496
413;1.94375599095003
414;2.0242619388239063
415;2.0653203117223895
416;2.074411824195329
417;2.100355581634877
418;2.0225017774030585
419;1.869735270607915
420;1.96314365993249
421;1.832012769551394
422;1.996396184255362
423;1.9428379914408282
424;2.0904291258773537
425;2.0430246092700184
426;1.9714186285696802
427;1.9204380790683275
428;2.1038516805694085
429;2.023043725699468
430;1.9946188632983828
431;1.8449776349794647
432;1.97610331903234
433;1.9866840554995808
434;1.9442864508629782
435;1.9943198713205281
436;1.9354429807484974
437;1.9295797249750926
438;1.8876546795168598
439;2.039305393337205
440;1.981004003872218
441;2.049484299114843
442;2.258474121019851
443;2.046858582530165
444;1.9568649835490233
445;2.0342663742991234
446;2.0243014657860208
447;1.9968720775112188
448;1.9025059921273557
449;1.9060110818145093
450;1.9166728185249087
451;2.0434749138260933
452;1.9308289747720564
453;1.9417838343694722
454;1.9411211868201173
455;1.9334480492642567
456;1.9942726219353237
457;2.0220234842088414
458;1.900567630760261
459;1.964234164889756
460;2.0150778269069543
461;1.953182612105243
462;1.962782724928334
463;1.8609471912014963
464;1.8923212226855228
465;2.0539110863135863
466;2.036421056620581
467;2.1453034778442635
468;2.1707597316767373
469;2.1441715577471974
470;1.9919569763559568
471;1.8239011340366653
472;1.8285882851753432
473;2.1101780879852345
474;1.9828277338798805
475;1.9651665838247785
476;2.00409422130012
477;1.9703859456388668
478;1.9757058020164986
479;2.035682103967701
480;2.030148377263822
481;1.9615529663961104
482;1.9979788591771572
483;1.9462429442253941
484;1.9131642403370643
485;1.969743165315451
486;1.9403669343407906
487;1.9631681891993462
488;2.011725162718529
489;1.936912098752155
490;2.00577929615988
491;1.9509962676544468
492;1.93594528756215
493;2.0464795577422024
494;2.0530382480892824
495;2.0185150759262758
496;2.075172191189079
497;1.928737988241633
498;1.9184471964477072
499;1.8901101157470608
500;1.7903247948261336
501;1.815056620570425
502;2.118652244368016
503;1.9875678627695448
504;2.130263686327144
505;1.8014117995951924
506;1.8905254068189965
507;1.9513296834582847
508;1.9666990648988798
509;2.1114462661226163
510;2.172509084141757
511;2.006559649308848
512;2.0371868223638434
513;1.9937153339593259
514;2.0393189787804196
515;2.1072067119154405
516;2.0593687107937497
517;2.088354246765662
518;2.1960669258163246
519;2.1234983839433057
520;1.9676049066853798
521;1.8652360038854428
522;1.9211984853774957
523;1.9990019944789172
524;2.0128875866399656
525;2.074269536590342
526;1.8836496871913482
527;1.9503588125086635
528;1.990594248002464
529;1.8822108987554043
530;2.0434032194206893
531;1.9549664290425695
532;1.9738500974671558
533;1.836932140932085
534;1.8862001492591414
535;2.0318934400645325
536;2.08843788509503
537;2.0037589373904208
538;1.8571511410053168
539;1.871273254616162
540;1.8807572277098763
541;1.846533918141601
542;2.0161279193030874
543;2.1323272726338183
544;1.9384167182363543
545;1.980631186583862
546;1.8848656698399786
547;1.9229602831228108
548;1.9947735244826927
549;1.9564178643551469
550;2.0252499358175506
551;1.8662421984683397
552;1.8983347459970144
553;1.9255466093374187
554;2.0783824206201946
555;2.1044949298473807
556;2.105794794035117
557;2.154475462540832
558;1.920768795456117
559;1.8124803735134973
560;1.8761812160171045
561;1.862011747344529
562;1.9628329205862534
563;2.0958747882857907
564;2.0406636749400593
565;1.9900699291479116
566;1.8157974892045952
567;1.767203773913707
568;1.7631878044119118
569;1.9073462560924586
570;2.1143785026143878
571;2.1303032614897406
572;2.02577626035315
573;1.9787891822167727
574;1.9811959938364987
575;1.904344291300278
576;2.0300488896596582
577;2.0058867151263047
578;2.169378417651007
579;2.0269822582806
580;1.9390003626394685
581;2.017862984710553
582;1.922732532892123
583;1.9006507974494669
584;1.9151538503468808
585;1.998282118618686
586;2.0456151278102124
587;2.0075980544310883
588;1.9698285880011508
589;2.062054024188799
590;2.00795758549087
591;1.9336113809470594
592;2.089916933022827
593;2.0741216015184927
594;2.0364933658645312
595;2.0019256413794855
596;1.8723100015655998
597;1.9526893329535648
598;2.0409146903225106
599;2.1004803408798045
600;1.9430086913837519
601;2.047769042382241
602;1.9384392487906943
603;1.87282194375648
604;1.8859586092993943
605;1.9349427891992035
606;1.9834817186240405
607;1.978882629771283
608;1.9446614706858334
609;1.8614065763310417
610;1.91289888942036
611;2.105050903663704
612;2.0739909954078914
613;2.1004622771055796
614;2.0012309037747142
615;2.0727496424973233
616;2.0617964501974777
617;1.9611207091651663
618;1.9228521661969307
619;1.848026738143401
620;1.9166423093048892
621;1.965723556336269
622;2.076170991847736
623;2.1778777612272604
624;2.1347568374478834
625;2.1052756443036333
626;2.1169546398741335
627;2.0544415972986187
628;2.0044756489326168
629;1.8749864558743528
630;2.0031052075846554
631;1.9195735920478345
632;2.052393887183811
633;2.3051620998508153
634;2.1967655239749653
635;2.0908785894025756
636;2.2764287397903304
637;1.9913830829785213
638;2.074353519406063
639;2.0810235663505177
640;2.0369515341834594
641;1.9846510535305908
642;1.9513347067827214
643;2.1565043960914405
644;2.0191922410347343
645;2.0358882489673977
646;1.978830298995257
647;1.8574768889736009
648;1.8081814508986525
649;1.8260808460193663
650;1.8615426096908732
651;1.8558017408340406
652;2.0533682583420867
653;1.9721163032441364
654;2.0079524510604605
655;2.0100867442750268
656;2.0376490455464986
657;1.9149029091227239
658;1.9347375206302009
659;1.8952795838530854
660;1.88003852843388
661;1.9546821574459825
662;1.9960521401514772
663;2.1090203254267132
664;1.9925908643883365
665;1.8965181123282704
666;1.9862682813876045
667;2.090542190599295
668;1.9109447401260233
669;1.8929527384865643
670;2.046033768464065
671;2.1574740690780363
672;2.2539797111339688
673;2.228128013240591
674;2.1398304817264817
675;2.0804486934055726
676;2.1055486215655814
677;1.981088797451067
678;1.9513956716333882
679;1.8216316524778076
680;1.9075607352001074
681;1.81065101384409
682;1.7937640061051794
683;1.9351166088047957
684;1.9493125096287118
685;1.9443262316584888
686;1.955579564888958
687;1.8369031988670632
688;1.9926195872754664
689;2.0232764330569584
690;2.0466463427448507
691;2.0957696703019226
692;2.0507756573467018
693;2.1162768678850177
694;2.016145188968014
695;1.990595867313346
696;1.7854379068074524
697;1.8137869691683088
698;1.8982158718403266
699;1.9666377405444055
700;2.0463784958029168
701;2.2297236547845127
702;2.2558462196235434
703;2.247990443925146
704;2.220815768029953
705;2.159434238725591
706;2.0360361339947057
707;1.8420403855700476
708;1.8158160335826103
709;1.8000626719096984
710;1.9212517586641185
711;1.871497015128072
712;1.918590019998462
713;2.0395940648804927
714;2.040224671543634
715;1.976349698904133
716;2.0049369657810603
717;1.9217437369943875
718;1.9483210421505577
719;1.9854534597464604
720;1.8128125365127483
721;1.7769208710033535
722;1.7932072125394432
723;1.9091099570126984
724;1.9684324395302701
725;1.962435248775051
726;2.0292670525112335
727;2.160494973878221
728;1.9574228311902908
729;1.940158201645401
730;2.031698702529177
731;2.0286349156607173
732;1.9685130111550915
733;1.995332542837528
734;1.9993631003213983
735;2.065042915198829
736;2.0154800631392127
737;1.9257728929230542
738;1.9179702283188307
739;1.9841833192415965
740;1.9567753164380461
741;1.8087133296540072
742;1.7904185779030382
743;1.8909819736914515
744;1.8569983775029675
745;1.9332498075089901
746;2.016084531035023
747;2.037507216156613
748;2.0955582057898754
749;1.9760359769382154
750;1.9423595651430388
751;1.8938018999906103
752;1.8530152826530262
753;1.9153351099588007
754;1.9063453085879516
755;1.942864658723225
756;1.9077351554347879
757;1.8994533773472675
758;1.904169991074707
759;1.9001781450450574
760;1.9263099344976549
761;1.9668296552772246
762;1.8562942244675533
763;1.8700762847049601
764;1.8334202118090852
765;1.8695670127020279
766;1.851051077164156
767;1.9348220506446694
768;2.004884759562784
769;1.9904772010735883
770;1.9734777668305266
771;2.058561288202652
772;1.9658859603439893
773;2.0904901531597835
774;2.1547540529523976
775;2.065235541267473
776;2.0398971510309867
777;1.9760631060909346
778;1.9839209142065495
779;1.9977324133477663
780;2.154862674519531
781;2.1253459202703198
782;2.056503268598873
783;1.8293640749846856
784;1.8154589655186653
785;1.8936203873025812
786;1.8096683495432717
787;1.8324431013064058
788;1.8104009527673532
789;1.7797625790013394
790;1.6989457857120251
791;1.816119424950518
792;1.8084998890674933
793;1.8790421279964322
794;1.8958246661428202
795;1.9386054786130047
796;1.8575623295599213
797;2.0379666325290735
798;2.1314790663448098
799;2.0516352659547215
800;1.9159188820416666
801;1.893650647934353
802;1.8877074172158146
803;1.8755542239277105
804;2.042933923923753
805;1.9410641288139563
806;2.0025156923756717
807;1.9931587845007315
808;1.940350170586341
809;2.0665426911803597
810;2.147647111763392
811;2.179177957914451
812;2.1469425716719157
813;2.107061373945819
814;2.215987413167536
815;2.1506824861574807
816;2.0845457935683527
817;2.098061095883313
818;1.9361011690374028
819;1.8623653673980745
820;1.8492013276215111
821;1.838267713020182
822;1.861328866320762
823;1.7678678139156034
824;1.7494982459643922
825;1.7862846617445374
826;1.8679640159205504
827;1.9821444463622193
828;1.9668073920413982
829;2.045162882674968
830;2.077268938441683
831;1.9739254686975618
832;2.0246035862573946
833;2.039244236432356
834;2.020678129529732
835;1.9345588727472343
836;1.9078024246508793
837;1.8471918577831778
838;1.7786696955724888
839;1.8752733096379703
840;1.866807916658579
841;1.975590301356436
842;1.8754767370494987
843;1.7940039692204326
844;1.8314626273474774
845;1.8303268985756354
846;1.969210576805455
847;2.0673422665971626
848;2.171922572769024
849;2.143360767201356
850;2.1744504113279413
851;2.1429451369692347
852;2.1124366776104484
853;2.0789923928784644
854;2.1245749132402625
855;2.1698770623897796
856;2.1543776870195672
857;2.175444236315267
858;2.143404603233043
859;2.100993040073411
860;1.8866059417588876
861;1.9038290862212057
862;1.8283958602278179
863;1.7501660158300807
864;1.8313710230526452
865;1.897260697830265
866;1.8056127395899508
867;1.7532238413817898
868;1.6861456911099322
869;1.7627345084329469
870;1.7031847473694968
871;1.753277942190246
872;1.7778838878908305
873;1.828721130579118
874;1.8802241903464945
875;1.987822745138713
876;1.984869429626976
877;2.0952857588588656
878;2.1892731172518625
879;2.2547749821115377
880;2.2438924220926677
881;2.195914467866652
882;2.182307187241093
883;2.1175187436323424
884;2.1985580866765986
885;2.103213484138199
886;2.1303480781916617
887;2.0526042139987486
888;2.075772178127631
889;1.8986603849842152
890;1.8457666209322665
891;1.8405267424441338
892;1.8661014463147285
893;1.826365390783603
894;1.8580435538667543
895;1.8873795294849494
896;1.9586160504724872
897;2.033240938549365
898;2.08294708088255
899;2.21519082426205
900;2.095045676345597
901;2.1541999262177547
902;2.3299981354847814
903;2.1709713451197024
904;2.082978506496447
905;1.9624644700736145
906;1.9567728079149769
907;1.9049518051966192
908;1.8369148889849318
909;1.85898763456594
910;1.829601188529151
911;1.856512992304083
912;1.9487173434951839
913;1.9952793181302821
914;1.8484050861380663
915;1.914491619630507
916;1.890756944328072
917;2.0583327210949296
918;1.9972781168268714
919;2.013653323809503
920;2.0206495448285864
921;2.051544901531514
922;1.961016138258549
923;1.9474168560932545
924;1.950386903315079
925;1.9756962210952453
926;1.9208673120774413
927;1.9505693194311717
928;1.8067927440616862
929;1.8264175758475587
930;1.914741321339234
931;2.0457533541087383
932;2.1297326341633256
933;2.0915038376402793
934;2.1143095452009346
935;2.1251702125147642
936;2.062112542558316
937;2.0450665256742044
938;2.0840626017329287
939;2.0503364129482975
940;2.0775573294051
941;2.085695295047053
942;2.0057434021573006
943;1.929137602592872
944;1.9004372850639326
945;1.9354623339995933
946;2.0297427023474683
947;2.0762760181509936
948;2.115107336460074
949;2.1702157020241275
950;2.2329856785110827
951;2.2275591584340706
952;2.196842949383552
953;2.22158883034614
954;2.241433234699821
955;2.0752852003557525
956;2.098830429737438
957;2.093606794738801
958;2.2580694892938853
959;2.3108212716599903
960;2.221443280912677
961;2.2425668432582992
962;2.02779747761302
963;1.9939763652361047
964;1.955135727932752
965;1.9176171463290996
966;1.8543739996747675
967;1.7860265945875322
968;1.891091990800206
969;2.0091190286891676
970;2.050673917848477
971;1.9508964241197844
972;2.028177811109767
973;2.0762065006818915
974;2.110303243831733
975;2.1161689870568297
976;2.2685448001266675
977;2.2852229177148935
978;2.210796484683661
979;2.1841159977129023
980;2.1966788157002464
981;2.138141793360516
982;2.0278799443641544
983;1.9830303893933112
984;1.990738228013753
985;2.1014194612564636
986;2.072097017305916
987;2.125696135268448
988;2.06723163285366
989;2.044258798859917
990;2.046837239215412
991;2.206686719685604
992;2.1811231879463877
993;2.0675002417739172
994;2.0465034291813886
995;2.008398787387412
996;1.9124869884736944
997;1.8858094767786024
998;1.8940943563805446
999;1.931432404838422
