5;0.9848923942213332
6;0.9738022305665559
7;0.985890038566228
8;0.9833398138767999
9;0.9741492260303363
10;0.9778027353029334
11;0.9757844077874452
12;0.9816007984333494
13;0.9882156989762257
14;0.9734541638559293
15;0.9673336785385205
16;0.9740380714586665
17;0.9938827990826115
18;0.9863020798516918
19;0.9780385132494482
20;0.9790667830170667
21;0.9959596155678271
22;0.9709207236481008
23;0.9788733652715472
24;0.960974284942124
25;0.9789293865263998
26;0.9786800010960437
27;0.9853593991940292
28;0.9529235599178338
29;0.9606912896237032
30;0.958778992593304
31;0.9654418522666026
32;0.9901761337217241
33;0.9871894570177019
34;0.9826268228560757
35;0.9817471334400428
36;1.0112808464894865
37;0.9820563078213667
38;0.9763413323914347
39;0.975107549440644
40;0.9403896708944001
41;0.9791482737144267
42;0.9488000157801787
43;0.9842976689220669
44;0.9935159371820316
45;0.9606830233247323
46;0.9692233827955269
47;0.973609006839735
48;0.9751086796082825
49;1.0148729380125383
50;0.9751235037349332
51;0.9598373689219689
52;0.9555162673128952
53;0.9939795842077672
54;0.9769454375901234
55;0.9513528685929927
56;0.956208280256246
57;0.9605166058698247
58;0.9445321695917007
59;0.9882014321061373
60;0.9695002073512071
61;0.954314182856609
62;0.9931427576429466
63;0.9615196674649211
64;0.9855031576867264
65;0.9549928830867928
66;0.9863771120515593
67;0.9677845725282435
68;0.9708059963281312
69;0.9728400932052205
70;0.9707510157396292
71;0.966811253546735
72;0.9578268803799767
73;0.9838603548399155
74;0.9716916378469136
75;0.9976855685135801
76;0.9866120269272878
77;0.9703577320195572
78;0.9682924108980361
79;0.9877299091443679
80;0.9293704723429334
81;0.9694003254537087
82;0.9780881382824035
83;0.9510113438306047
84;0.9823794102078165
85;0.9882485880304123
86;0.9739996691312759
87;0.9503821296113849
88;0.9350212724615877
89;1.0002860234754685
90;0.9798749123160494
91;0.9431484318986902
92;0.9940040373897029
93;0.9759384897507057
94;0.9851717057012729
95;0.9909553477585218
96;0.9919066061725427
97;0.9839780804660193
98;0.9738711641371214
99;0.9572340265093174
100;0.9637882932549333
101;0.978532612421242
102;0.9769775673874884
103;0.9755480885954693
104;0.9715393379246795
105;0.9597961334805922
106;1.0002222894689472
107;0.9374535419293296
108;0.9855890640414727
109;0.9978116702049863
110;0.988531158970498
111;0.9952512162765432
112;0.9200245271588724
113;1.0022150516739412
114;0.9510741819188765
115;0.9913138907847459
116;0.9537109894738246
117;0.9781307846535492
118;1.0334672025307527
119;0.9824206456491931
120;0.9592226453018161
121;0.9370073341689845
122;0.9556942260082568
123;1.0024375103517693
124;1.0146298619125378
125;0.9760990188186667
126;0.9573916120528031
127;0.9887407794669176
128;0.983924838886218
129;0.9822832156534397
130;0.971085202889423
131;0.9475997373516859
132;0.9697142290107423
133;0.9785247211479365
134;0.9420821759107945
135;0.9869716679901234
136;0.9691487416920447
137;1.0110288309408841
138;1.0126926664648892
139;0.9530004077983741
140;0.9877262724396425
141;0.9814280821225841
142;0.9539605694504908
143;0.9721503054278291
144;0.9961987989529297
145;0.9481404581470193
146;0.9779580182125024
147;0.9795616550470855
148;0.9669764246092977
149;0.9870168614805169
150;0.9915377976098765
151;0.9713363677119972
152;1.035964744418592
153;0.986082476521646
154;0.9472719210314788
155;0.9282452952893878
156;0.980057810252671
157;1.0238895133549655
158;0.934384472283822
159;1.0346498442147711
160;0.9292910179780983
161;0.9479146586597208
162;0.9859745760803804
163;0.9584533253650909
164;0.9581804065441805
165;0.9549530166632664
166;0.9877349185184591
167;0.9492597048327425
168;0.9925695856031209
169;0.9816869710234345
170;1.0031208372202214
171;0.9859103505450079
172;0.9965652838470995
173;0.9906812687582588
174;0.9710309473945025
175;0.9753842299326984
176;0.9409449567883056
177;0.9746978176741328
178;1.0289712504772606
179;0.9497060246717793
180;0.9879127333825377
181;0.9424899796151279
182;0.9921832386540467
183;0.9668550262970302
184;0.9496846316615862
185;0.9927343436246912
186;0.9688563924688388
187;0.962131797612877
188;1.0004406052637496
189;0.9589336602084334
190;1.022630504302048
191;0.991040162313026
192;1.01526015631891
193;0.982647266380459
194;0.9760543852140077
195;0.9784339334599359
196;1.0021724220685606
197;0.9647333695894276
198;0.9817890168008122
199;0.97662115450346
200;0.9836420861562665
201;0.9738866563804632
202;0.9580564712513195
203;1.0186291549425288
204;0.9728127878084567
205;0.9174797879717622
206;0.9762889931969295
207;0.9700750783538796
208;0.9504839862900641
209;1.0263271121699264
210;0.9935817051151127
211;0.9909552199314535
212;1.006383789474642
213;0.9588423688573224
214;0.9899879806874974
215;0.9787709508537824
216;1.010427053976805
217;0.8992023584724504
218;0.9684729700225685
219;0.9307943586349434
220;0.9991921802226673
221;0.9884743022469601
222;0.9781694904098766
223;0.9685445883247917
224;0.9807708735789025
225;1.0412425941333332
226;1.017867677147319
227;0.973275581462555
228;0.928964496696841
229;1.0059582511186784
230;0.9699102098604152
231;0.9434718737908183
232;0.9951053772702487
233;0.9726969979966038
234;1.0264489844345464
235;0.9689458657331728
236;1.025514040832731
237;0.9437416276487843
238;0.9622565148160596
239;0.9637916431041086
240;1.0181363448755343
241;1.0053971059923428
242;0.9894079712835325
243;0.9832750963096792
244;0.9426341624766956
245;0.9658577433629452
246;0.9995073316790153
247;1.0545071884838524
248;1.0370888215824103
249;0.9370068203100401
250;0.9539644441722666
251;1.0045823815075376
252;1.0215655982438139
253;0.9598126670385159
254;1.0110305200139267
255;0.9898842605383488
256;0.9691035227355771
257;0.9896264843060959
258;1.0148629508770803
259;1.0189431164865532
260;0.9741402931266027
261;1.036585427368224
262;0.9550891550636134
263;1.02428025203869
264;0.9253390396750573
265;0.9966209717917837
266;0.9971272296447001
267;1.0405729233404768
268;0.9602153637768149
269;0.9625760974275094
270;0.982378031565432
271;1.0390292732841326
272;1.0012214437849565
273;0.9445235243811926
274;1.0339383484650144
275;0.9974046702925833
276;0.9820125108602236
277;1.0188035207947586
278;1.0041192428107122
279;0.9999425021066191
280;0.9858556583017657
281;1.0300524047958928
282;1.04764342417064
283;0.9907302665065852
284;1.0073287045795989
285;1.029502607058446
286;1.0196645155244755
287;0.9931792462824569
288;0.988702378170092
289;0.9695621609963264
290;0.9692264672900293
291;1.0397303616374267
292;1.0503269941103899
293;1.0123647066768386
294;0.9743659894336403
295;1.0113406916045866
296;0.9779014525595235
297;0.9827803334722889
298;1.016952414215328
299;0.9343046665459716
300;1.0415578246034805
301;0.9986378742382152
302;0.9920782127607197
303;0.9868321904153083
304;1.0353308950754172
305;1.0655171779715042
306;0.9703947381530935
307;0.9457784430873581
308;0.9690533512297579
309;1.0410306376388134
310;1.0173011252446404
311;1.0254345201232582
312;0.9918102744983972
313;0.9841130279711455
314;1.038654008255952
315;1.0398943254571025
316;0.9555878042936494
317;1.0072287192530824
318;1.0446258542830054
319;1.0537347810744047
320;0.9770577666864317
321;1.0394829464214652
322;0.9989393822523209
323;0.9429332055427337
324;1.00335015440543
325;1.037188078638914
326;0.9691000521068739
327;1.1015298684875798
328;0.9749360761376765
329;0.9996362865151606
330;1.0258414081894442
331;0.989713261733859
332;1.0427993591576974
333;0.9807826368790123
334;0.9622461596929631
335;1.0259662823546694
336;1.0358407304166666
337;1.0326499416815031
338;0.9875977675138535
339;0.9938382001024755
340;1.0004817689721222
341;1.00620865279985
342;1.0432414384854067
343;1.0254803321186285
344;1.0136021181448809
345;1.0053963313864733
346;0.9800985516832582
347;0.9941227832938415
348;1.0863141273863302
349;0.9951933380060245
350;0.968665993076861
351;0.9975042560528605
352;0.9901486456274006
353;1.049341439904098
354;0.9917918635738802
355;1.0152757482607644
356;1.066862798715891
357;1.0076842260658927
358;0.9841014670514314
359;1.0358358904882332
360;1.0034742186446592
361;0.9695708335359374
362;0.9323549394176209
363;0.953695644657323
364;1.0115936476687788
365;1.0210491221692184
366;0.908641117986178
367;0.9954377400464817
368;0.9835616837654323
369;1.0368242856360532
370;1.031202610330864
371;1.0329057697893282
372;1.0151761650906757
373;0.9686229929526627
374;0.9967405240700683
375;0.9667616531750709
376;0.9412027795169784
377;1.0360784319502718
378;0.9678279736775158
379;0.958702285098995
380;1.0308117890820945
381;0.9887958360639271
382;1.0049158853456839
383;1.0446576117538995
384;1.0318980126105768
385;0.9653234261955099
386;0.9590423498772275
387;1.0364183632089417
388;0.9944674113541666
389;1.0061494900653385
390;0.9743329564748933
391;0.9360874345992174
392;0.9898762515549843
393;0.9696086120061711
394;0.9885024895044717
395;0.9842814601872616
396;1.0021523134273955
397;1.0317680449246682
398;0.9997631478148075
399;0.914392584752548
400;0.9674842588538666
401;1.013777149253211
402;1.0322377177553095
403;1.0096670694356837
404;1.0090313998518876
405;1.1179961961112115
406;1.050572229487765
407;0.993470929538003
408;1.0327992293287258
409;1.0263777787641455
410;0.995639889204596
411;0.9721925480981011
412;0.9895733365535317
413;1.0216480594641104
414;1.0173161960155663
415;0.9886960422506024
416;0.9793972502013889
417;1.0085862637067489
418;1.0036736025866806
419;1.0343728403516441
420;1.0692349948939575
421;1.004600171199592
422;0.9808979822320398
423;1.0584613952472917
424;1.0263053660495618
425;1.0067660502379083
426;0.9734663482920697
427;0.9819122889804305
428;1.0244891506923406
429;1.0528512733778097
430;1.0706348835669606
431;1.0421739272000425
432;0.995827252125067
433;1.0111589810409343
434;1.035112291235691
435;1.0248769687447739
436;0.9635639331670153
437;0.9537125128218716
438;1.0028606506032203
439;1.0830148824098749
440;1.0384875541539285
441;1.0248560099874915
442;1.0202472063273669
443;1.039549723980974
444;0.9884974053769842
445;1.0996130055601927
446;1.0703431973809523
447;1.0462785547501865
448;0.9601079881150796
449;0.9457776852066323
450;1.0183156722172841
451;0.9859742219514882
452;1.049416820456959
453;1.0080843662489798
454;1.0233755032695233
455;1.014751831335148
456;0.9776618347926391
457;1.0514915118687893
458;1.1088501185032649
459;1.0647174797697625
460;0.9944582653521201
461;0.912651249514475
462;0.9547067960675539
463;1.0892903384407526
464;1.049575744067569
465;0.9919443957868221
466;0.9403607937133152
467;0.989339146581814
468;1.0649418973509648
469;1.028400876202277
470;0.9885818154229893
471;0.9399121486012633
472;1.0436006449577617
473;1.0378324772450083
474;1.0202110427877569
475;1.038483310007285
476;0.9837814152146191
477;1.0880684232553888
478;1.023412044305332
479;1.0664873036727156
480;1.0372375396917735
481;0.9868222910430671
482;1.0258449963066512
483;1.009104298775587
484;1.052853113206558
485;1.0689380964142394
486;1.0672258277091906
487;1.0630359899885924
488;1.019121962950284
489;1.0313000753486505
490;1.0480399780264107
491;1.0087106698935961
492;1.0441187673669803
493;1.0538523028420328
494;1.1270552012030841
495;1.1360459610073008
496;1.0804045619408604
497;1.0070789556083164
498;1.0246453650093708
499;1.0461338511556446
500;1.0745298647322665
501;1.0749968578108429
502;1.0928575145988437
503;1.038144066650869
504;1.0202713792560525
505;1.0196732357891791
506;1.0621711845016268
507;1.0055860171573483
508;1.040547141170925
509;0.9729680620638039
510;1.0335113575147392
511;1.0405427330463144
512;1.0341116548958333
513;1.0376733212735543
514;1.0622957742671855
515;1.0073152684012945
516;1.0741451057418174
517;1.0871616361094991
518;1.0746188784722221
519;0.994700237980625
520;0.9812825986810897
521;0.9748710593705758
522;1.0283264269194057
523;1.014683522775351
524;0.9989467331410206
525;1.0415136085483043
526;0.9903916839485022
527;0.9592001865423176
528;0.9251881377836878
529;1.0170106143849629
530;1.0128509667250098
531;1.0095052589627493
532;1.0647769816201793
533;1.0680388102176763
534;1.0618403731040502
535;1.0147264488066194
536;0.985945508223399
537;0.9975764905735434
538;1.0593362145827272
539;1.053429433915732
540;1.00906079093022
541;1.001205290297088
542;0.9746074468805818
543;0.9666243019307658
544;1.0486113267862527
545;1.1263284753839433
546;1.0950848180353956
547;1.02742361426308
548;1.0410192215903318
549;0.938211849886507
550;1.024728008572121
551;0.9966024943093363
552;1.0359427130171766
553;1.0663963610287321
554;1.0387268386351114
555;1.0582417995851852
556;1.03645721886886
557;1.0158049908576576
558;1.045143747491442
559;1.0586221339229362
560;1.0896059979133228
561;1.0560382496547764
562;1.1053866606459612
563;1.1130324868615102
564;1.0684478974548677
565;1.080809099901314
566;0.9807444149121962
567;0.992927561067821
568;1.0626347503585147
569;1.1339519472419852
570;1.0748733324084156
571;1.0170042492866587
572;1.0286238357602548
573;0.9963181763875018
574;0.9231438489914162
575;0.9276416452260196
576;0.9380966184356154
577;0.9684373176327703
578;0.9848526717427107
579;0.9437696347742034
580;1.023835236886394
581;0.9929732869033612
582;1.047498957699346
583;1.0481282487482595
584;1.034791539094279
585;1.0614207025332663
586;1.0387489153342702
587;1.0512229045149482
588;1.0620325378001865
589;1.019844585731533
590;1.032885603867635
591;1.0331582863159023
592;0.9754976770833332
593;0.9896508248272168
594;1.0344664832601143
595;1.0736746774154995
596;1.0885230584857553
597;1.0764264022775187
598;1.0174008886236583
599;1.0240898295375827
600;1.0435304850618474
601;1.0204821845026695
602;1.0532626448240805
603;1.0876041222624009
604;1.0612733193479782
605;1.1187732892255593
606;1.0880263635954814
607;1.0821208922066403
608;1.0227641428802952
609;1.0595278459946336
610;1.0560356561273694
611;1.088454438270662
612;1.0439993572866402
613;0.9830380901815936
614;1.0281599798967842
615;1.0135869989981598
616;0.9637387924076746
617;0.9811531316965805
618;1.0238942667384034
619;1.078314128108239
620;1.0927453152860216
621;1.0749795782699945
622;1.0526321775401928
623;1.032499892292135
624;0.970741161196047
625;0.9904981710405334
626;1.0409408065941415
627;1.0288787234632804
628;1.1150933238829315
629;1.1017212715810374
630;1.0987233231687097
631;1.0751180992977458
632;1.0626501835074509
633;1.0477059838128027
634;1.046234045471703
635;1.077860628350764
636;1.1020274281126698
637;1.125475419662145
638;1.1608876989020176
639;1.1410149760100587
640;1.080862026411859
641;1.1171537233388
642;1.1463257094172703
643;1.0822079224360917
644;1.0847528856981528
645;1.012463992005638
646;1.0134517292595122
647;1.0312596853361167
648;1.0309693383357381
649;1.0706426258035342
650;1.031885192530634
651;0.9628459809345946
652;0.9809865984054461
653;1.0167763894065178
654;1.01688717284511
655;1.0787818776274272
656;1.0559998953963416
657;1.0848054453651632
658;1.1150762303573116
659;1.151579964590659
660;1.1039044711229629
661;0.9994953789525636
662;0.9842874276490098
663;1.0131626892704544
664;1.0885016255812583
665;1.083331728414369
666;1.055271064651852
667;1.0676496217491256
668;1.1126983863672657
669;1.090102080637768
670;1.1100212044975126
671;1.0504450654148036
672;1.0414633546626986
673;1.0233213487270925
674;1.041878393115727
675;1.0714175591506174
676;1.0684158595525655
677;1.1017699508797205
678;1.1084521707832597
679;1.0552201276451403
680;1.0377946654515178
681;0.978873646191003
682;1.0033385216325874
683;1.0509623161159802
684;1.0225351060279313
685;1.0761471484606648
686;1.068083020658676
687;1.0298486959631248
688;1.070220363447459
689;1.0595133954620222
690;1.09126913805314
691;1.0692331217612692
692;1.0066132285008562
693;0.934660170044359
694;1.0352718883776282
695;1.0693300591114263
696;1.1036469870892016
697;1.0613960114163312
698;1.1232533232495259
699;1.1104963595365613
700;1.1145771958411805
701;1.0825311898500463
702;1.0813337027278198
703;1.0797817688559426
704;1.1129929391591975
705;1.0894483742967913
706;1.099575051418859
707;1.0010870998079076
708;1.0229468141372076
709;1.0325153868681578
710;1.0470124024429244
711;1.095852269315116
712;1.0887376212166933
713;1.0732948062736927
714;1.050940204069895
715;1.1012745776177832
716;1.1249678355668904
717;1.0889198859321245
718;1.1559462230742938
719;1.1544285172541036
720;1.1200455165834675
721;1.0722389100570198
722;1.1192320115444219
723;1.0717309099434054
724;0.9830301404051565
725;1.011208908362407
726;0.9859300316221034
727;1.0145623014688352
728;0.9265464904190907
729;0.9798909729341833
730;1.0216442117238789
731;1.0616938731697112
732;1.0440336338010288
733;1.1260701469031376
734;1.1287683824859753
735;1.1762272201189807
736;1.1427533499107723
737;1.1999759121267473
738;1.15732215710499
739;1.0868192002267418
740;1.0764064519402985
741;1.1259928427965438
742;1.138231840097625
743;1.116172260486531
744;1.0702610003092066
745;1.105172613496277
746;1.0797618052781668
747;1.1866896607780617
748;1.0993277793982605
749;1.0700869721314614
750;1.093523402939259
751;1.0218527889461861
752;1.0358649530813453
753;1.0482917085393109
754;1.0368791108003106
755;0.979201600049234
756;0.9906282571214793
757;1.0293599219694967
758;1.00552925927718
759;1.0314136073456976
760;1.0158231533889337
761;1.000961141572155
762;1.038247830314826
763;1.0774314482588971
764;1.0689245001578735
765;1.05313132149757
766;1.0709144426173929
767;1.1269791781831309
768;1.0270539055678418
769;0.9964441000369445
770;1.0237265309047618
771;1.027529111483463
772;1.0481460144030657
773;1.0970931479791934
774;1.0876667443884582
775;1.0739225500827958
776;1.0801188963541668
777;1.1071527362103175
778;1.0964235540145673
779;1.1123160316040863
780;1.1047935666030984
781;1.0659470657244987
782;1.0570934482664172
783;1.1341846477871702
784;1.1521894122870102
785;1.120626670034038
786;1.1456297415108314
787;1.1529239619897407
788;1.0955684640721939
789;1.1105435462841586
790;1.066313542167571
791;1.046954476318905
792;1.0288765586959545
793;1.058174918060009
794;1.0387141760326102
795;1.020787074094813
796;1.0669998989485057
797;1.0070269663652676
798;1.023996250246584
799;1.0854941265985707
800;1.081831158567742
801;1.116024865667915
802;1.162298212991714
803;1.1622720350197513
804;1.144722687746215
805;1.1259712608700996
806;1.1058022710718003
807;1.1070260241964773
808;1.0828601341237893
809;1.10132409634562
810;1.1510814373657154
811;1.20929797186392
812;1.2019904471232066
813;1.1384739763606424
814;1.1022586008345752
815;1.097644990583392
816;1.0793102159032466
817;1.1299639353711768
818;1.1611363713575693
819;1.1474184201744098
820;1.0926023065468833
821;1.072660483112735
822;1.0882097357393892
823;1.1385016012258675
824;1.0720830844600864
825;1.087486284409966
826;1.090882669742265
827;1.0589525777530566
828;1.0841199849055287
829;1.0579999371269266
830;1.0258179254216868
831;1.054020671832063
832;1.086366693505876
833;1.0713380024041614
834;1.0568746030429894
835;1.024916742871139
836;1.0387538492585082
837;1.0742456316718978
838;1.141374340395615
839;1.1254696375173563
840;1.1795971108506857
841;1.0886440739555412
842;1.1412692719341897
843;1.1127052186114967
844;1.1200437976453261
845;1.1450304671986093
846;1.1616725467788596
847;1.1481073792610677
848;1.0898150298899372
849;1.0696624560735415
850;1.032654466084111
851;1.0260476412593704
852;1.0178992986449733
853;1.0103046616577058
854;1.010785971195456
855;1.0281463347255495
856;1.0571722910962509
857;1.105058253480331
858;1.0972061207084105
859;1.148250176831654
860;1.1353390448692862
861;1.0764073259545837
862;1.0582918249870656
863;1.0143015005167613
864;1.0268189244206194
865;1.0453544681586044
866;1.017822915240063
867;1.041601575220327
868;1.0700116890522005
869;1.0978085842241199
870;1.062363851558244
871;1.020676842790098
872;1.0629403181554804
873;1.0179450616764132
874;1.0702366954600078
875;1.0966788160791312
876;1.0871306082789924
877;1.1113561787315875
878;1.1189103753785659
879;1.1755768119540604
880;1.13748011895671
881;1.1362725425025675
882;1.1947641873447792
883;1.1681813744960363
884;1.1248394016117216
885;1.1360438649190205
886;1.1620174722825969
887;1.1297826972765341
888;1.0960180061309523
889;1.1702740020858104
890;1.1722396216639912
891;1.201641025274972
892;1.2079129739803542
893;1.1747099226707387
894;1.152256933090909
895;1.0966389174048417
896;1.051886120103896
897;1.0738843985216715
898;1.0659703234684483
899;1.0939269890175614
900;1.0904007554241077
901;1.0682573683575824
902;1.076842572259356
903;1.0737688592798416
904;1.0355997960536334
905;0.9672202277925331
906;1.0221604064828416
907;1.0432878961536869
908;1.0699951174935254
909;1.046207151528486
910;1.0129566060474833
911;1.0070268462571315
912;0.9774099768551007
913;1.0166927857898935
914;1.075814577595699
915;1.1041285989745664
916;1.1465401599148202
917;1.1618061125392787
918;1.0813196943080772
919;1.0983330276451861
920;1.0143016594852385
921;1.0180487651173575
922;0.9807175394295812
923;1.019571165642898
924;1.013249552833093
925;1.0613913287506174
926;1.0873536098895638
927;1.148578283856628
928;1.0967289920402299
929;1.071647699940018
930;1.037358835852032
931;1.0370799498682015
932;1.0574684354846546
933;1.0565989909970541
934;1.091924900220597
935;1.0808034105383244
936;1.1248077485394827
937;1.1593736719486116
938;1.1495769862171623
939;1.2006421891218408
940;1.1370235277901777
941;1.1410977868858903
942;1.1102748805389309
943;1.1019086388821973
944;1.1213426718003041
945;1.132164977630172
946;1.0981007846159268
947;1.062720449979693
948;1.0259236197311479
949;1.0473531122904003
950;1.096842581994602
951;1.058903462228154
952;1.0372874401928462
953;1.054740424381306
954;1.1231182658087406
955;1.131715747755135
956;1.087436619987126
957;1.1479940084548403
958;1.1697911730704995
959;1.1875822744702011
960;1.1174405392516027
961;1.0456576254035594
962;1.0684410054700852
963;1.1122393210921753
964;1.0909081261530118
965;1.0671783505484103
966;1.0873248037413226
967;1.1350108542206543
968;1.1136051249889267
969;1.139882923387361
970;1.1538722261960783
971;1.105017817093085
972;1.1887074743226016
973;1.2265744085223922
974;1.2128544245209432
975;1.190845571770605
976;1.1519612050214294
977;1.134623346897064
978;1.2126525346100487
979;1.1554896541029598
980;1.1566678757593707
981;1.1056285799915733
982;1.081675559592125
983;1.0722097859135977
984;1.0197291068731709
985;1.0496952398110322
986;1.0779144865390127
987;1.0942788284266127
988;1.1162282811838056
989;1.1977528654517018
990;1.1616248756363636
991;1.0841636810198454
992;1.036193916960215
993;1.021479952010742
994;1.038539158098994
995;1.0708779143407705
996;1.0772588404514059
997;1.068936428791441
998;1.0599561033229121
999;1.0624228339358026
