5;5.492112551882932
6;5.496353346445057
7;5.430791150989584
8;5.559062615936799
9;5.47441110951175
10;5.415742802210398
11;5.554261474590658
12;5.408601445665839
13;5.50959767301332
14;5.370132343934339
15;5.469714856309363
16;5.451200185986932
17;5.520077177533717
18;5.424952188873149
19;5.337383949746809
20;5.461154122431732
21;5.276241681877149
22;5.436961696258668
23;5.413250287592788
24;5.343159307954738
25;5.385374860514399
26;5.414750298247395
27;5.422321276971273
28;5.359871328793517
29;5.331546806941888
30;5.379210508832198
31;5.393027472931107
32;5.284553025410131
33;5.442591884969829
34;5.428029631678936
35;5.440266058321594
36;5.416671780725929
37;5.449685754355464
38;5.429720799293308
39;5.591664694434709
40;5.420368289626132
41;5.395950165853657
42;5.26767618322729
43;5.4139130440318075
44;5.387654249548787
45;5.223175623822382
46;5.329701684259613
47;5.424479880458623
48;5.401435881205437
49;5.496553620877816
50;5.399040434277599
51;5.504415876617179
52;5.3470139566177055
53;5.439495838133616
54;5.275047871072805
55;5.478165299945993
56;5.342505446784911
57;5.389231745629104
58;5.178317035318023
59;5.212547647536601
60;5.366017671831265
61;5.130941566204953
62;5.264932370653564
63;5.4508827412479555
64;5.368724465386923
65;5.408135356834382
66;5.275110504634454
67;5.3809220713949015
68;5.368043011413498
69;5.345166389461259
70;5.496019156265838
71;5.452122400067354
72;5.445582005577834
73;5.248440757291649
74;5.458028990123054
75;5.646175012318317
76;5.407681300598813
77;5.502690049165747
78;5.5264272472194875
79;5.281046990489637
80;5.445112538415465
81;5.526520001015799
82;5.399979152813888
83;5.641940139034541
84;5.2599686409282365
85;5.344343725329731
86;5.4991840350739825
87;5.574107775444617
88;5.559780273588213
89;5.47671283972374
90;5.3415442399016335
91;5.494558412253914
92;5.409107809330476
93;5.502218392278354
94;5.378697109384406
95;5.496218688951636
96;5.342775814831996
97;5.632691884781501
98;5.7330542116781364
99;5.26506226540894
100;5.257506143049065
101;5.621738477938725
102;5.415104026983991
103;5.223621839748972
104;5.404566591260416
105;5.6259081218347315
106;5.355319717728237
107;5.349395931806785
108;5.508772715068942
109;5.3351761810468314
110;5.645665735629688
111;5.477984937424489
112;5.556481490401451
113;5.49351847905044
114;5.433895242039705
115;5.460670883153808
116;5.253174376493051
117;5.753742001148807
118;5.383062980685711
119;5.433233629216618
120;5.520037048578791
121;5.320552755638443
122;5.304896194411263
123;5.644885359485627
124;5.630128609422209
125;5.358873207691731
126;5.654490447286086
127;5.461998073826745
128;5.263284262202456
129;5.403368800266275
130;5.5062369207529365
131;5.585841344168752
132;5.455827995193468
133;5.393241300475053
134;5.439485797494696
135;5.485711182183649
136;5.383151926659452
137;5.41814556639194
138;5.292425975361383
139;5.47075603656079
140;5.836149622357075
141;5.269662994498269
142;5.498968693561538
143;5.745278348514368
144;5.573743634969978
145;5.528092664003339
146;5.463079721420463
147;5.576526404659595
148;5.538676777634131
149;5.286612145069283
150;5.738960315956088
151;5.546738574673441
152;5.484534537708197
153;5.519238036839888
154;5.381651850929397
155;5.444938402246309
156;5.621467988098823
157;5.647354465598015
158;5.466995036221357
159;5.631260944706297
160;5.279210736254538
161;5.77158808640633
162;5.618945069892307
163;5.64995636884331
164;5.763062773222211
165;5.39337965081308
166;5.798033464494521
167;5.390587777922681
168;5.603306794463415
169;5.816758835672116
170;5.554908717590902
171;5.657431741609255
172;5.6509418296694705
173;5.560738916953283
174;5.52799254765656
175;5.549915411629205
176;5.432742576460334
177;5.595230242473319
178;5.657240141765247
179;5.4006330422968425
180;5.474937431691133
181;5.425543455987001
182;5.4956901207142845
183;5.84736890671377
184;5.472150995417533
185;5.483698699486817
186;5.542746837405445
187;5.699347620945875
188;5.828803334049644
189;5.513520551843299
190;5.564475037718764
191;5.448795053260047
192;5.175681614034454
193;5.53908353729823
194;5.856605866902934
195;5.7698193622267615
196;5.813505200639055
197;5.384642799638582
198;5.5083218819034245
199;5.387819583087281
200;5.550725491202664
201;5.504953202279997
202;5.783611249396051
203;5.697377326647308
204;5.567496765688806
205;5.761639333468632
206;5.4757032145393
207;5.616104861108103
208;5.53028857210657
209;5.810470078938692
210;5.860214594754301
211;5.452088734209439
212;5.497457537865247
213;5.6366190396191955
214;5.696932760287993
215;5.570456389137261
216;5.524340547815722
217;5.755024615012221
218;5.519231532352468
219;5.754924515228042
220;5.815846070135095
221;5.273915106351123
222;5.587841160721387
223;5.379516758505497
224;5.540368200698001
225;5.793747694548814
226;5.664466538065109
227;5.494755614353223
228;5.533908045474776
229;5.24829518360549
230;5.663094531858009
231;5.4722129630527485
232;5.379537764922614
233;5.500757098470711
234;5.787713051971028
235;5.67799535084397
236;5.240646870515435
237;5.8505629270437325
238;5.579930100346404
239;5.614840974677582
240;5.648828853778044
241;5.263560178044646
242;5.8017599702383045
243;5.392145267755091
244;5.275213131477686
245;5.531251626081765
246;5.7315977536170175
247;5.565554230725269
248;5.529053695723798
249;5.493715586675234
250;5.513440407231466
251;5.336845049793454
252;5.4912888413687115
253;5.711110014658881
254;5.163189791295462
255;5.65282826044858
256;5.35694206849813
257;5.673357600055221
258;5.4589923069567945
259;5.66781521970472
260;5.2900396120689095
261;5.363270947728229
262;5.5715427010009355
263;5.443028817828696
264;5.82675098212308
265;5.381966955666665
266;5.3530621540766345
267;5.730307836205943
268;5.448474281131706
269;5.605386099656116
270;5.515434003552218
271;5.705677369652787
272;5.66971107640804
273;5.620913929532748
274;5.208094411336995
275;5.515844260554762
276;5.235689222519683
277;5.108385105476667
278;5.633235340045683
279;5.143537792551475
280;6.245801240537051
281;5.567914753440295
282;5.621002966606829
283;5.376044588541867
284;5.619227671546761
285;5.6604019497128135
286;5.799179043682178
287;5.863721541168514
288;5.456086281634686
289;5.522228369142015
290;5.693615602026596
291;5.492073900790041
292;5.797680551831689
293;5.716703718003211
294;6.211807920286647
295;5.329966202260822
296;5.615253635367599
297;5.4820185844027565
298;5.546639183226297
299;5.1963522747652515
300;5.753486722622489
301;4.984040889058425
302;5.881085764705464
303;5.664243787611826
304;5.227353459659417
305;5.3374886219340905
306;5.566916755671972
307;5.675375440529884
308;5.413745536899684
309;5.330364796932064
310;5.656348015873504
311;5.239974189999463
312;5.635676487054218
313;5.557276897948172
314;5.67027682081387
315;5.497203601297835
316;5.579462136191447
317;5.467603196426422
318;5.376482064097663
319;6.079550036798488
320;5.499660737391024
321;5.711840379394767
322;5.584657480672809
323;5.434081794003457
324;5.7454460384292645
325;5.289204756796916
326;5.4911494507824425
327;5.557001785475747
328;5.50789797226559
329;5.529637353136468
330;5.616406539552745
331;5.516879478114617
332;6.162912457456491
333;5.567265987974775
334;5.377869634616671
335;5.900849764332698
336;5.92282761346659
337;5.559113347113105
338;5.7703236308261205
339;5.487940471815998
340;5.8658686677547
341;5.645994916634528
342;5.44404575319915
343;5.2680283936051735
344;5.41460128725568
345;5.511690236571255
346;5.565204480043486
347;5.54649346195872
348;5.71142891222115
349;5.752659114446737
350;5.331497081937356
351;5.534521629424581
352;5.93590073987716
353;5.323091476610479
354;5.451818411953359
355;5.761831228530247
356;5.379990614612492
357;5.434246299007735
358;5.813376140118563
359;5.42825518111848
360;5.253781997315485
361;5.997433176680581
362;5.276806482391571
363;5.14000482547291
364;5.660914574670328
365;5.745988968164382
366;5.625874833082207
367;5.968638727987391
368;5.353849318762613
369;5.985856076904412
370;5.613426430251716
371;5.770806649779671
372;5.878701229044829
373;5.5305943031802105
374;5.309210079649122
375;5.606659741559632
376;6.015518373141118
377;5.575947342542666
378;5.430651780606594
379;5.4901841444977055
380;5.3600469982509695
381;5.486659687197477
382;5.973793553097731
383;5.693629045482626
384;5.415395467074785
385;5.834312463441188
386;5.549569519294558
387;5.172554410791284
388;5.491399279109077
389;5.061946218167978
390;5.423295336166933
391;5.641416650346174
392;5.789026699261074
393;5.582080835448028
394;5.68618829544369
395;5.575366944038175
396;5.721537792120409
397;5.864321801894744
398;5.932049314461105
399;5.434213920223624
400;5.161467527435466
401;5.4222509464786945
402;5.724804982729898
403;5.886543887734863
404;5.8000486772659565
405;5.587983896076683
406;5.528062931093356
407;5.1850532976379204
408;5.480554297056813
409;5.692850759884298
410;6.174698052727541
411;5.659066445050504
412;5.099207285068066
413;5.080291327352502
414;5.567836606975979
415;5.387015047816063
416;5.348394438303952
417;5.4151120712734
418;5.750373536756329
419;5.903666497215993
420;6.171315193500199
421;5.17070448831582
422;5.439792976212543
423;5.469563566274792
424;5.4875089729273485
425;5.538058115861906
426;5.724979348345436
427;5.659439698609526
428;6.176598381220861
429;5.7831037620333285
430;5.500498461138329
431;5.231113676210629
432;5.798435749739531
433;5.840792920134818
434;5.650615589974353
435;5.269858971792431
436;5.963710845403051
437;5.990998745437256
438;5.48982864125811
439;5.0413586389397995
440;5.527615359534594
441;5.689816410419199
442;5.213718757890253
443;5.544847748286306
444;6.011659072165647
445;5.784264064110352
446;5.458704078297031
447;4.825226441458368
448;5.389683363811131
449;5.940053136732679
450;6.166282166351552
451;5.725842680311494
452;5.4385858084654055
453;5.4810056652847665
454;5.6133328796860225
455;5.6890494143605865
456;5.2051532618859655
457;5.29623779904844
458;5.250097577069429
459;5.956979979977674
460;5.9421127268286345
461;5.761318807003426
462;5.3155343494989555
463;5.268714390270953
464;5.170239622977226
465;5.52282981838234
466;5.6806494049592855
467;5.5673366813467
468;5.46312183906695
469;5.272904965572137
470;5.367941587468084
471;5.783663630736022
472;5.664167098830642
473;5.586106788390079
474;5.71817676667055
475;5.482797552928586
476;5.517932205356941
477;5.847052696018518
478;5.579566906618253
479;5.467108404852924
480;5.424928820685095
481;5.626942169114505
482;5.535146589763391
483;5.717291124253348
484;5.328376268055577
485;5.10035202225723
486;4.975652828240942
487;5.164073412391056
488;5.361289775508277
489;5.357978828777014
490;5.3033727933641455
491;4.962505564360199
492;5.495265050942474
493;5.430083050557306
494;5.4124338793061275
495;5.327322771936393
496;5.0631660557123634
497;5.133479726068812
498;5.385659941091564
499;5.995663846932398
500;5.658672276546132
501;5.1939139199387085
502;5.1602358512182915
503;5.425785997854355
504;5.627806759302014
505;5.708562919629562
506;5.400342263388588
507;5.41391929154584
508;5.349915734866086
509;5.985038456714378
510;6.00854258943644
511;5.881047455385639
512;5.2770175016536465
513;5.713892257586729
514;5.643861918417506
515;5.626232884070463
516;5.252117751556846
517;5.169123243966661
518;5.173768070977048
519;5.33621710479461
520;5.274901716749732
521;5.821053338606862
522;5.663724437137595
523;5.346186836747777
524;5.312415629794294
525;5.630859943867269
526;5.411545365944766
527;5.561489502571897
528;5.830005171750081
529;5.563074731105122
530;5.166168181794326
531;5.500096498472306
532;5.170794443035544
533;5.2084805441824535
534;5.540851240160418
535;5.188960139261044
536;4.990790539341998
537;5.186947688539141
538;5.260175572456359
539;5.422556122549943
540;5.179934238459071
541;5.250970151385249
542;5.294521516675355
543;5.515700295137987
544;5.760042240280648
545;5.778572663676309
546;5.662868946342228
547;5.802748500524338
548;5.134454572802197
549;5.196342506551505
550;5.5793282181807395
551;5.440715925321502
552;5.30674466476127
553;5.265524289593864
554;5.059603573544591
555;5.3126658168673995
556;5.848585504287715
557;5.448487810877829
558;5.35860665130643
559;5.708166706295081
560;5.928015764814472
561;5.552036692220953
562;5.632633436729482
563;5.736407404008827
564;5.400795211836045
565;5.3588310526163845
566;4.966924542619392
567;5.2168864174691345
568;5.309502087150953
569;5.337207257954602
570;5.442813895048733
571;5.623098579558346
572;5.398299941825684
573;5.269173279762224
574;5.407876174422283
575;5.092057751652713
576;5.189223576203702
577;5.424153069404833
578;5.573482372987178
579;5.722422915158585
580;5.550486529351909
581;5.2806252418319115
582;5.049678638394852
583;4.8873670371622095
584;5.1551698410515705
585;5.553806717918282
586;5.7385645399075145
587;5.836680624665798
588;6.160752484984526
589;5.459972584279244
590;5.2294117233205535
591;4.781205222569897
592;5.441859830083922
593;5.263984632310019
594;5.110968800645342
595;5.008910921880617
596;5.194900248755962
597;5.103909036494116
598;5.211694008091764
599;5.609285000236537
600;5.396190249596519
601;5.269464119433473
602;5.409284409144351
603;5.445215778207606
604;5.899765155514725
605;5.465799311476717
606;5.233146888392095
607;5.282578432305755
608;5.447889054054208
609;5.486255169637149
610;5.276288167642582
611;5.0583663791711615
612;5.06503326576293
613;4.8604911937475395
614;4.738545591096231
615;4.906852687557697
616;5.000021576318741
617;5.051225848182563
618;5.332932115569173
619;5.478274110887452
620;5.266656435636558
621;5.305513632950482
622;5.432695297899249
623;5.436252931538389
624;5.521769105438567
625;5.3223473222629325
626;5.063394661963171
627;5.027943121971345
628;4.901581639612056
629;4.67842732454274
630;4.975370774972471
631;4.954589762582734
632;4.945081800268517
633;4.828835442617167
634;5.180219539927876
635;5.190426994067569
636;5.326633243283475
637;5.893723203975366
638;5.904092151596066
639;6.28186790222503
640;6.03514794232345
641;6.313508611994344
642;5.981245740862833
643;5.5825681401901255
644;5.304880790770481
645;5.0044596618760355
646;4.991222478394381
647;4.90168237268057
648;4.863714986431777
649;5.095469435146446
650;5.23328595641147
651;5.585956104075242
652;5.717719980713594
653;5.471961529177614
654;5.570168879915095
655;5.402015698830052
656;5.120166477459481
657;5.13135088029707
658;5.057463381000743
659;5.209887814929151
660;4.998738730546261
661;4.889663438672448
662;4.6667589787316555
663;4.612848950528305
664;5.231728286605621
665;5.002429879632814
666;5.034563225454388
667;4.901888993920067
668;5.089233319478069
669;5.335712369357788
670;5.019008389396665
671;5.246254873632605
672;5.492269279753055
673;5.478702310060907
674;5.549980314683881
675;5.624178435708908
676;5.865636886598172
677;5.317366015168179
678;5.260608276544766
679;5.612779820107867
680;5.1135642564429205
681;5.0374885608748885
682;4.907748261889553
683;4.792423421893071
684;4.893285493742021
685;5.153690662537037
686;5.109750429765954
687;5.155648717488274
688;5.362182558424848
689;5.364878957571223
690;5.464316736542269
691;5.630856468693519
692;5.2285380137348785
693;4.998119623901714
694;4.993457039013101
695;5.181487385550445
696;5.31926256009592
697;5.381618819863666
698;5.34768848614445
699;4.8978204869587
700;5.085658534626558
701;4.96038419822641
702;5.085386109650093
703;5.042090863427162
704;5.086999772719402
705;4.977651954060383
706;4.668137357081343
707;4.930794908266585
708;4.865548239324589
709;5.00546061775324
710;5.254722924247752
711;5.0866553751624135
712;5.213093648910781
713;4.7327795552222
714;5.007391917193943
715;5.3471675994819075
716;5.689707610031981
717;5.746323638659334
718;5.484752207507165
719;5.547751628186894
720;5.2574750927478515
721;5.5084048847328235
722;5.244350730504501
723;4.7760652399870365
724;4.72930807476139
725;4.635233343983096
726;4.925736377741991
727;4.714013426721281
728;5.0013878456065495
729;5.108170706813523
730;5.133828923418748
731;5.026434330648454
732;5.377417671731892
733;5.1732144464249785
734;5.2193406883864935
735;4.889950351140856
736;4.712745206000973
737;4.968728115451101
738;5.3241032517345515
739;5.233616152554951
740;5.438786212832729
741;5.145501453279754
742;5.3034193309737026
743;5.10582338362414
744;5.2647379855908625
745;5.382588973575076
746;5.089833349231723
747;4.944842041135584
748;5.143781491681655
749;5.442186210211054
750;5.39546470287111
751;5.4844791069555745
752;5.4287255854154575
753;5.164521685031322
754;4.938487557861103
755;4.9457927283340695
756;5.037412551983858
757;5.117752458849259
758;5.049809712570731
759;5.0170812766993
760;5.052878115645478
761;5.15272354759109
762;4.784503208423581
763;5.2491721947177465
764;5.313029454249832
765;5.108138244105647
766;5.027714455113476
767;5.235763283021428
768;5.124226851712338
769;5.331517674140774
770;5.660260319324539
771;5.668019776395237
772;5.649402339051974
773;5.610712727296921
774;5.231966639417527
775;5.505224033161559
776;5.370181430031543
777;5.093616197835155
778;4.935082202715429
779;4.913223128637007
780;4.876387821370459
781;4.871866854202278
782;5.041187631167945
783;5.478281073820808
784;5.359513009786739
785;5.286746085433894
786;4.99942017864184
787;5.124519412759054
788;5.411115128482662
789;5.412926044769683
790;5.172544657273724
791;5.493977988531964
792;5.528623462888141
793;5.742583880302247
794;5.893550885231169
795;5.488733974896056
796;5.657336838638892
797;5.5943518630859
798;5.422292614221845
799;5.411284636062683
800;5.082412464399999
801;5.260668763129285
802;5.085487037878957
803;5.146935377341018
804;4.802992838235436
805;4.7650895921083265
806;4.727301499365911
807;4.759988461137858
808;4.957278508358625
809;4.851708608022451
810;5.0860147692066375
811;5.271693450712807
812;5.243820863880453
813;5.349839371498396
814;5.36954992922772
815;5.481630041753461
816;5.28450573718271
817;5.491717460007489
818;5.638245781462715
819;5.6723988780542705
820;5.492601996050136
821;5.357727679941129
822;5.18973668687037
823;5.02754928575226
824;4.8618454615853555
825;5.028561344445252
826;5.116066964399112
827;5.002899317463389
828;5.259880557205716
829;5.483404437532098
830;5.26319217086506
831;5.204622890727637
832;5.152855076069443
833;4.939543041189141
834;5.007319317932229
835;5.033149502419839
836;5.045578096771821
837;5.074340000165239
838;5.298266409219556
839;5.874829745336457
840;5.78511450958313
841;5.277453958903512
842;4.909432230403128
843;5.288197173178518
844;5.1103485395035735
845;5.590522368197773
846;5.310547266716617
847;5.172218050645747
848;5.1797039867456895
849;5.347466194973531
850;5.421894443528735
851;5.372861026646675
852;5.6684815305856375
853;5.499792974009781
854;5.524639353806697
855;5.727131319501781
856;6.021529987947685
857;5.728389016261215
858;5.438700034545989
859;5.2390689738766
860;5.215142271347367
861;5.254116518400015
862;5.07067094139691
863;5.347994365770296
864;5.415115369003545
865;5.430597670682891
866;5.261645317513606
867;5.087890754250928
868;5.325094772908615
869;5.304015886879048
870;5.348419432794515
871;5.260870583850382
872;5.672450756376279
873;5.849791671189084
874;5.711016322783598
875;5.369139759446481
876;5.390139640536861
877;5.110741441953229
878;5.112477341112782
879;5.596430723181916
880;5.473978344719831
881;5.425154980604831
882;5.196581673751753
883;5.296550198245159
884;4.868787337661603
885;5.06910356848009
886;5.228376175466517
887;5.497321998987088
888;5.45998235237103
889;5.4647555790176225
890;5.397987785932983
891;5.3748048222281
892;5.122295178418481
893;5.100353979831008
894;5.195289485386615
895;4.903823085102013
896;4.9149612451881755
897;5.138680028258774
898;5.408463396303704
899;5.472750577841507
900;5.3863475037648465
901;5.2028238095828865
902;5.200654830350063
903;4.962563630959562
904;5.068640241802495
905;5.436841402393303
906;5.161223729682921
907;5.237046404779525
908;4.978879759986918
909;4.927086701858718
910;4.978081173428029
911;5.058354241213427
912;4.950756467018492
913;5.1151001366451645
914;4.91958475775765
915;5.2283712537849265
916;5.535069491238341
917;5.756156552492696
918;6.024564807080609
919;5.924044467709531
920;6.0732954385277775
921;6.114192874228092
922;5.889901425558634
923;5.347857832777844
924;5.0853135758201065
925;5.1679077957513515
926;5.008605075838732
927;5.01718087171521
928;4.8014390620043095
929;4.833312604980264
930;4.841935129534049
931;4.921094577307553
932;4.728183908354791
933;4.748726115462664
934;4.8239608211491785
935;5.112859475978611
936;5.200361453725071
937;4.9411501759018135
938;5.224743738251597
939;5.518051620149094
940;5.630896076148936
941;5.700017513893022
942;5.765415859016276
943;5.564352082587485
944;5.652971040191357
945;5.537346217654047
946;5.8159313011894875
947;5.889095033120513
948;5.602488266959048
949;5.296036840583204
950;5.400146844629015
951;5.46781800633894
952;5.266276459357358
953;4.992550944804529
954;5.174245539893162
955;5.171573646717813
956;5.208487113870157
957;5.2737376979069195
958;5.104296335629919
959;5.13789410584249
960;5.128690770611111
961;5.177955430462259
962;5.44947127409305
963;5.516208325490059
964;5.261388287021126
965;5.225105173234311
966;5.11631231947631
967;4.746348577889975
968;4.489233212599928
969;4.234291461377337
970;4.367108169495181
971;4.492702749345126
972;4.341878451885203
973;4.595436419444745
974;4.456243683041564
975;4.700964782321299
976;4.9399167110389195
977;5.0058733515842135
978;5.50212838130866
979;5.54686961673189
980;5.392487734982392
981;5.416344310913215
982;5.300638378681737
983;5.53601221143696
984;5.70790542188997
985;5.46408136877631
986;5.761597434929412
987;5.443928457623775
988;5.44115768207085
989;5.372815928868756
990;5.212226042328889
991;5.229842879854289
992;4.96663638739758
993;5.058038880968915
994;5.028530527458483
995;5.251229225712561
996;5.476480323023025
997;5.645916928785288
998;5.759713865735603
999;5.216798459309308
