0;21.8604128090037;10.2054825085583;10.2056047167998
1;24.7740132249903;4.37823345391545;10.2056009935118
2;21.860380904256;4.3782497692392;10.2054907108277
3;17.4897519130774;2.92145919244081;8.74876924687274
4;7.29217093017256;13.1191492332217;16.032578829478
5;5.83541659547296;14.5759393920875;14.5758933070912
6;9.725065825003;11.6622459071679;17.4896304627969
7;4.37859256748795;7.2917496488813;21.8599826261701
8;5.10601664672276;10.6691604114483;22.8516240028791
9;24.7886061891995;4.70365411852692;16.0328114301359
10;24.7885104761467;3.08409621998078;16.0327978291015
11;18.9612647349848;4.70360725383378;16.0328079971329
12;21.8749788707341;4.37831237865249;18.9464254000593
13;23.3317150377657;2.92146140929613;17.4896641403691
14;23.3317363560073;2.92146456326678;17.4895920417049
15;6.3233929258901;17.9849656977706;10.2054562795992
16;5.83541266495736;2.92155258497633;5.83505097549327
17;4.37864896469382;6.32298324197041;7.291819818532
18;2.921784402682;11.3442165319878;5.83496164889782
19;9.72497030837779;21.3867274171188;5.8349849690963
20;4.70396439205392;23.1687875903566;4.3781298260903
21;8.10557757796942;21.7119954686168;2.92128884875331
22;8.10550259454114;21.7120275767473;2.92142737541353
23;17.9851942019122;21.8746932051374;4.37818119298811
24;4.37845620358219;16.0472816202382;10.2055983946115
25;9.72496045450879;14.590694321756;8.74866577773059
26;23.1690401996772;16.0475314101802;13.1192207931852
27;21.874961412601;18.9609004008019;10.2054605763586
28;21.8749160722454;21.8747518850664;7.29195485032174
29;17.5043441163024;17.5043198779911;2.92137427459041
30;10.2202793112009;10.2201049467537;4.37831927216582
31;6.31000543034622;6.57841198909016;7.75805393655264
32;5.8497109738552;5.84976193494245;8.74874084595114
33;4.39292879150353;4.39290915940143;13.119161694054
34;4.39293355823238;10.2201594541812;13.1191910645243
35;11.6772617923031;14.5904881050488;20.4032728785956
36;11.6773004090922;17.5042063338661;14.5761191965547
37;5.84969270967254;11.676747583179;8.74854727973298
38;4.39301761185182;7.30637473346769;10.20553318753
39;2.93623765622218;11.6767855259367;5.8350805954349
40;4.7183778488824;16.0471953822272;4.37819351748868
41;4.3928877242853;18.9608573442867;7.29182266471101
42;3.09879615306506;21.8745723157129;4.37813213776868
43;8.12006216208638;23.3315154069316;2.921443137154
44;6.50041444822973;21.7121718285024;2.92140339861709
45;5.84976992875503;11.3441741586284;5.83503299783302
46;13.1338999450281;7.29192524835253;16.3653863513536
47;10.2204572926914;10.2054416769851;3.08414391097404
48;11.6771113327033;11.6622845859719;8.10517915018427
49;14.5908928904049;14.5759238123367;2.92152298483304
50;14.5908116975556;14.5758945621066;9.72469671915474
51;17.5043699678124;11.6624059832746;23.0061173019335
52;18.9612454209666;10.2054752709378;17.984942190148
53;20.4180237843813;11.6624691788842;24.6256607809858
54;20.4181510379176;8.74871390954908;24.6256917559703
55;18.9611169030596;10.2055501429626;24.7883000253226
56;17.5043036039074;8.74873095633684;23.0062066407707
57;21.8748849136811;4.3784192238627;6.32311536747248
58;16.0476450192014;10.2055600376157;7.29181585291692
59;14.5907430813832;11.6623680139243;5.83502526072751
60;7.30672676657046;13.1190727745311;4.37821829526908
61;14.5908433264597;5.83519297566669;11.6624027589084
62;17.5045115357422;2.92140261918009;8.74869986056556
63;21.8749074574015;4.37821388969634;7.29177217492094
64;11.3445281126239;11.6624189250977;9.72475978007691
65;2.92162974075437;14.5759350500177;23.006189231866
66;4.70376849620673;18.9463667887105;17.9850721182766
67;21.8750055573273;18.9463661996929;7.29210348981976
68;18.9611657300974;16.0328827895033;7.29177067852691
69;18.9611952745525;16.0328254320774;7.29192473271888
70;21.874850176287;21.8602409806346;7.29193673188803
71;18.9611588080018;21.860201567415;7.29199679667836
72;21.8747851100724;24.7739361358839;10.2056403504112
73;18.9612817067843;18.9465061629698;10.2055785545999
74;20.4179820931981;17.4898043402286;8.748708514264
75;13.1340577442935;24.7738325557683;3.08410615254616
76;15.5836856829824;19.3546731362846;13.4848329256392
77;14.5909253552509;11.3297620878889;9.72466585522783
78;18.9612987814615;24.7736495633121;24.7883208013484
79;23.3318149410706;9.71012258993665;20.4179153403446
80;18.9613390419567;4.363614634454;24.7883812680952
81;16.0478039397569;4.68890630627667;16.3658800591365
82;11.677151288472;2.90680216643172;23.0062274868487
83;17.5044559444152;5.82054806385876;23.006068290278
84;18.9611208517903;4.36377759596702;24.7884562485908
85;20.4181047987226;2.90683493029191;23.0061597050387
86;21.8747565628014;6.30845524800615;21.874689552368
87;20.4181413086033;4.5263907636916;23.3314852961685
88;18.961527892064;4.36369095937125;21.8747282898224
89;20.4182034263727;4.52635099669562;23.3314975124052
90;18.9613781293744;4.68912503013625;21.874580191295
91;20.4181679586291;5.82041993324822;17.5040536023829
92;17.5044704502928;5.82063933388234;20.4179279070222
93;13.1339934285722;4.68905539157688;21.8745790272425
94;13.1340283985136;4.36383452278253;18.9609663267846
95;13.1340452403614;4.36380764601908;18.9609000595258
96;11.677345128041;2.90701529183362;17.5040679199101
97;13.134023818802;4.68914637549109;16.0472804100977
98;17.5047475906831;8.09096103350403;17.5040596916301
99;16.0475732532866;16.3508636282041;18.961021117556
100;13.1339208731458;24.7738303009117;24.7880805503482
