time;sia_msd;temp;press
2;525.259572437072;1628.34067769896;-1035.92956883777
3;557.761580962475;1615.53081637753;594.404524866414
4;555.832752170411;1616.1411025734;-350.849621362813
5;580.649670769427;1618.45448765513;-1258.05618284468
6;579.524531014376;1612.07921424296;-16.4225979506493
7;604.789880542267;1651.6751771243;-2171.1886349274
8;658.057126620582;1640.25925969877;-2815.03535698339
9;622.970643590146;1597.12871903766;71.6606074241469
10;642.571996399847;1649.24667763256;-2304.93432766364
11;675.158250511582;1612.60632239273;-476.310500945734
12;693.751268104909;1603.47933534832;380.260085162847
13;682.665341009725;1583.2878468918;1008.36415255213
14;714.054149466727;1611.57427285658;370.641459832719
15;709.31495884059;1604.41325780967;-947.642617925423
16;748.664244371022;1605.38024531;956.649529191867
17;739.489891618603;1640.83080203393;-1697.64525568814
18;753.735747420065;1605.65397529332;-606.735549734149
19;747.699187705995;1592.33642500398;163.539718041842
20;793.116837976868;1628.34435721442;-1371.22584128901
21;750.274105352812;1635.26927058974;-1878.05568899791
22;785.571533106924;1618.15435806041;-1152.20082557345
23;784.386170504592;1613.50161574817;-1332.39965036446
24;785.941720361865;1609.1883553949;-787.236907678796
25;829.69284610479;1609.78570001054;-194.898268328104
26;791.457710574473;1617.73043885489;-826.098993624762
27;857.593723537139;1626.49110734841;-1660.96146466166
28;861.602579985442;1625.60580092581;-1081.96034904348
29;864.868677720806;1606.85549000009;-1420.71230262172
30;872.521621807546;1596.89004298668;-122.04923123952
31;909.436965606299;1612.91263831363;-817.275711707425
32;908.072662038267;1609.39096178826;-2357.29854327185
33;956.440397756651;1612.37687302294;-786.799926706831
34;976.024104810081;1588.44020771961;491.019750400789
35;985.872841709548;1643.57196910927;-1459.91872094015
36;1011.55318685095;1598.67776843057;-265.388645836163
37;1066.32211168845;1579.98936893287;-1085.04599360472
38;1037.36363199852;1599.76984481415;-382.089359272032
39;1047.58307801159;1637.03818438159;-1146.74466691975
40;1079.75055245554;1614.54776757634;295.570056226131
41;1039.87611839084;1617.28231958699;-1969.16977968137
42;1104.42263131695;1612.65726217688;169.408687492861
43;1116.45461281725;1630.48259034285;-1629.03829117897
44;1119.67262294644;1601.35604932875;-85.3729039986559
45;1148.16599496682;1578.30405541921;-297.223632381213
46;1111.49358881318;1612.07526608189;-1467.41410081051
47;1151.54633356249;1647.7305520711;-1740.43106332578
48;1233.37421336008;1617.78174804477;-90.640009215045
49;1187.3218510924;1599.67820494247;-122.76422903071
50;1174.26002742743;1621.84730165796;-1581.37567453302
51;1212.4302098447;1604.46896950394;-1203.73242142521
52;1214.31335186576;1666.21319017563;-1320.03282878269
53;1165.77307665785;1587.52763927881;-533.586026625713
54;1211.86597140922;1643.07253501684;-1373.36389559182
55;1259.43350465697;1617.40619089325;-605.003213048452
56;1217.59314396419;1618.72109649355;409.35864318288
57;1242.13025571842;1600.24587968629;-1024.34780311127
58;1269.44403200369;1577.63004346555;1023.58968841457
59;1257.57541611444;1635.86353285949;-2654.4544009244
60;1259.18811833177;1666.10020041994;-2289.96091870065
61;1296.38271245446;1595.90661858562;422.165502476523
62;1306.08957886973;1602.59413941479;306.849881550168
63;1289.38022946141;1577.41443951676;-108.782106771407
64;1325.71515789126;1620.92986327549;-626.800805411411
65;1346.62229134062;1619.42333160234;-282.313841016995
66;1369.38733491447;1663.61231980481;-1929.14591847476
67;1395.01678939111;1620.56846751122;-678.306464294576
68;1415.69214812363;1592.86650161304;-484.960846789532
69;1527.79220752173;1604.68514270029;-753.325991042379
70;1438.91397153036;1606.47990698179;-763.823646960402
71;1435.12885758757;1648.75419505148;-1843.79667657368
72;1460.54692125391;1613.50735174808;-241.424420503423
73;1448.97699340165;1619.55461045027;-1055.93437138838
74;1483.10857573952;1606.59464337678;-567.815019893367
75;1535.26074711275;1657.089364877;-1606.89502131709
76;1488.7554895898;1642.44702711508;-1743.67217901226
77;1482.62865502694;1613.25793578115;-530.60648161275
78;1538.05170973904;1626.54130677926;-880.598976880134
79;1485.78530217098;1625.83321930706;-1335.89697684436
80;1539.01023650369;1595.96330975761;-23.0826445486643
81;1544.757121956;1668.02867539866;-2669.09653194473
82;1627.99833857787;1673.88656020958;-2243.07229489043
83;1641.8733948363;1642.1488521364;-1839.60497334933
84;1595.09374699598;1648.38037191976;-2512.39496686043
85;1614.72854534648;1616.60170899884;-528.055247530777
86;1608.33644309937;1617.36949592545;-848.677531763565
87;1585.14434655863;1603.26504879434;390.751849119013
88;1646.81269055121;1635.48766253643;-755.614372314507
89;1561.24790147137;1617.57849869113;-421.045249722303
90;1593.99402557316;1597.08658742111;-54.4737046334989
91;1599.7060164285;1622.54558572399;-1439.88770852081
92;1579.75096501425;1584.90063848853;-179.019604017533
93;1571.64686907112;1615.81088537359;-903.601462340333
94;1615.87233548528;1645.19405067589;-1073.99101806953
95;1657.35876741275;1611.66295995476;-28.5100026682455
96;1629.27833894666;1603.90842002466;-281.128402108816
97;1650.8866784328;1608.76899388333;1344.25772995466
98;1650.55096869732;1608.47503552345;344.280637483085
99;1674.0232528034;1591.25032360117;814.255414599929
100;1665.67425940264;1644.33731079974;-1149.38507168003
101;1647.4479970261;1600.45255076706;-1340.467065566
