time;temp;press
1;270.367679884985;1605.91894843986;-1091.947438984
2;276.2911009003;1628.34067769943;-1035.92956884605
3;309.438126355054;1615.53081637766;594.404524854447
4;314.282941643824;1616.14110334682;-350.849670004379
5;361.563816400366;1618.45451094234;-1258.05702068174
6;358.960315333001;1612.07951798123;-16.4158644865696
7;361.991868346233;1651.66139516519;-2171.40627951361
8;392.529582966939;1641.5547262367;-2887.13175913807
9;403.951793095457;1609.72809947604;-676.488132854652
10;417.157563698573;1631.77151590072;-2443.24544245961
11;476.989671781754;1576.64932683616;1471.88610436255
12;451.753496168938;1646.95823229571;-2842.61887608375
13;465.292412451482;1598.85592006178;547.236749858825
14;474.754387440166;1615.07027040555;-2197.4921674595
15;480.33375356271;1639.51795230524;-1818.59767878996
16;492.543715460177;1582.87178485729;828.601647621208
17;486.989052999586;1588.4507024577;-941.744114842729
18;470.014961333266;1627.88074818409;-456.832814074842
19;521.375990872308;1601.13897601769;-220.74341377286
20;542.043271684902;1604.99097964;-124.824704769119
21;514.349423598112;1643.4827313944;-1834.10915607424
22;562.313925340182;1614.05910012193;22.0081610353583
23;575.0737797981;1597.71306440539;-1761.13299839959
24;573.779860104671;1627.80736449533;-326.986272825935
25;619.026372195501;1648.64302805252;-2373.46559001587
26;629.336711363246;1637.19499455559;-1329.4677859662
27;638.562402474813;1606.11360585986;-1233.96959754663
28;660.814275522654;1630.78733829478;-1708.21814910658
29;678.04629930829;1634.89076356518;-620.564358618271
30;622.268480444663;1607.84036476017;-389.096911596119
31;658.211863628233;1624.63203326866;-530.266280691697
32;666.075290470423;1592.95092785688;-1522.28059936875
33;678.799150381072;1625.68264256603;-357.934838065937
34;675.082118847215;1624.51302741651;-1785.80935269568
35;718.412876316014;1601.71902720846;-175.412762666012
36;701.008903594855;1662.54662234831;-3104.74917472417
37;690.858906461435;1621.27145870012;-1921.03813171133
38;712.326564535075;1632.35492694797;-346.16649114898
39;733.176307459477;1599.95459934245;-292.581682411163
40;719.872816211913;1631.35527697736;-1843.26019180815
41;762.318993870483;1594.52847166116;-5.1940875454887
42;734.228833134163;1649.48190379273;-1749.41552718533
43;761.479907356439;1625.49923864441;-892.838146121787
44;856.056959734811;1619.49452567946;501.233249977353
45;817.538163694359;1635.1023588682;-1205.0900636986
46;776.839062094332;1614.72559348434;-168.605865069458
47;865.625043161944;1585.54793433214;-329.044220347718
48;842.63462778574;1627.37700373099;-1874.45067680846
49;826.600933594726;1593.31898281861;253.882352160422
50;838.590750710247;1578.48495640231;1864.01870819706
51;867.632715354952;1583.4515914378;-744.874639689024
52;876.896915053965;1601.46443005155;-1499.02391289076
53;905.389717809295;1626.3157862118;-1312.72769294427
54;904.135445998141;1571.71512827216;-28.1940256344024
55;909.611260028817;1596.44828565536;133.8198402155
56;908.415069026736;1614.55140734356;-914.337101626413
57;867.083964115634;1644.45200641052;-1707.84365082682
58;903.382239025592;1593.07601770016;395.951162818788
59;910.964031395123;1600.83896342701;1216.80356803604
60;917.962949667137;1625.36096951313;-2111.78459172995
61;957.313243897024;1621.36013714987;-1215.82833209983
62;952.877225723868;1637.14833902065;-1508.14198944761
63;964.266841627383;1606.51568857141;-1753.74639698359
64;976.251144270253;1634.0268472536;-1597.42873449127
65;992.352805988055;1636.82134444427;-1258.55547357444
66;982.072968921299;1634.6574899611;-2028.86540113247
67;1010.04251872414;1607.50055577943;-731.522722344986
68;991.346559666909;1587.36047109022;792.540593911607
69;1034.89229101178;1645.46137325992;-1814.98945028674
70;1050.43533326687;1656.27188406756;-2297.97701876593
71;1095.89571837337;1596.84986997742;279.565045997388
72;1061.18780398148;1623.68345329947;-1060.53908768255
73;1049.18874288156;1634.49958074825;-1088.4412924508
74;1068.7144012704;1602.31151971149;-765.349240817156
75;1053.04176859382;1631.2702983441;-1670.99873336602
76;1116.06986918251;1600.84664679461;-13.4373657439962
77;1115.00151346813;1648.22809248201;-1347.57519998301
78;1148.30637957924;1590.53963965464;273.118573188576
79;1103.74097810879;1629.1477192299;-1481.07350342472
80;1127.03366693847;1623.14162510715;-982.263003022577
81;1182.95630714506;1657.94663565339;-1823.16563278699
82;1205.62253489138;1620.65485373111;-1307.83414622095
83;1184.93224620735;1600.37442973452;-1004.01424345373
84;1250.84243499245;1567.982757791;858.553119537438
85;1233.69950115831;1613.0563176826;-252.121787308807
86;1241.00891175431;1658.02203185939;-1856.94149654087
87;1291.71719167955;1618.23308897651;-1164.02474680138
88;1295.40415974243;1628.95102328983;-1323.1491140073
89;1297.20831959653;1664.83967240195;-1731.87378811008
90;1330.85268749885;1623.74246795272;859.972531819576
91;1328.71489059835;1592.58637978969;253.018227044705
92;1307.82731948455;1624.91306662722;-885.136658220105
93;1325.34639553631;1628.75041008832;-1231.46998642721
94;1374.45505364057;1648.42611370683;-959.726788829729
95;1354.95587035564;1648.94185930439;-1010.05731025259
96;1402.53677883842;1584.22508632885;697.479368740156
97;1423.19848247275;1623.40032059701;-1329.56823145377
98;1402.96617041778;1603.61236809673;-176.852201168909
99;1414.81524811956;1589.25919201077;236.050292508681
100;1449.92786144641;1651.02805602886;-1858.67311790285
