time;sia_msd
1;66.7509564638619
2;83.8522530636018
3;79.0191478771919
4;76.4464472629384
5;78.8795447612809
6;81.8901435801835
7;78.2429867615179
8;71.7851719807276
9;75.5003819986953
10;74.3838044839424
11;78.8431004427249
12;84.0013983079235
13;90.841488897109
14;91.5529985218518
15;91.9259474106737
16;87.072563876709
17;92.3530036571901
18;93.3599066749415
19;90.5560442623249
20;94.7417047468684
21;95.2296996561184
22;104.87902309469
23;115.350223535301
24;129.262909851064
25;140.600987758281
26;148.193298022003
27;153.22651435923
28;162.873221617326
29;161.706631533261
30;162.269898741043
31;159.240131083338
32;166.730292147448
33;166.040659323062
34;161.31363912219
35;159.376461127862
36;156.582085764496
37;150.88385435206
38;151.165678665941
39;160.270071711377
40;156.416579449439
41;154.956313162058
42;158.085599733165
43;160.49832484442
44;157.776243461742
45;156.174646245919
46;161.423999645991
47;157.299378698978
48;180.213109964956
49;187.265098837934
50;184.218095242432
51;196.20343350172
52;209.872474125187
53;219.554603158517
54;214.402325795242
55;223.863143630278
56;217.730812880325
57;204.914256814058
58;211.14476311807
59;208.296327491956
60;228.156178310036
61;248.535162656793
62;243.877775441635
63;255.67882203087
64;255.608681990904
65;246.276201023615
66;263.732213802193
67;254.060999269609
68;261.312267212176
69;251.865561434717
70;260.030424590522
71;263.886914609216
72;266.155235295393
73;255.014222814721
74;268.595230249772
75;261.999793532749
76;268.992250772149
77;265.565699707168
78;256.989539813371
79;260.585707453008
80;263.253874511703
81;265.469700413143
82;265.986517490491
83;267.116787513122
84;270.309078415802
85;256.348253856593
86;259.45073757945
87;268.993387006313
88;275.505919989277
89;266.832796689956
90;273.72132951361
91;283.351045389315
92;283.735978871228
93;274.66560513326
94;288.866509729727
95;289.238715903494
96;288.012803830669
97;286.239081689013
98;283.900022569746
99;277.659302344871
100;290.890037603655
