time;temp;press
1;700.45537107979;-983.884227836588
2;673.057742413969;-1112.47717826537
3;665.651767242755;-611.972613968136
4;670.252519415002;-978.856834454225
5;672.459884390298;-700.852764876244
6;691.449428646491;-1652.8745650452
7;673.230936432142;-756.547004252695
8;683.64962651661;-1096.49463678559
9;672.478551261982;-511.320630323955
10;666.376360096632;-299.322931608427
11;660.724929831887;-642.156667746707
12;668.550349050242;-887.542814865899
13;684.304675781423;-616.805812295297
14;676.905532198048;-796.500402129105
15;672.339997668525;-352.005203636367
16;680.042325247683;-711.941055793905
17;671.082807557158;-503.057249594188
18;674.913452881457;-1232.87245412856
19;661.398925089198;-532.642467569921
20;673.504567253185;-701.568778546415
21;667.813935941633;-696.404790717795
22;676.467545280794;-1168.01969555947
23;660.981750746142;-559.302024239764
24;669.027680091417;-991.49020212117
25;675.528512213028;-688.516835121116
26;686.151355754843;-1602.7028078247
27;675.931734445058;-724.231192406011
28;680.051429331115;-476.184022935194
29;678.871052031795;-376.024849591802
30;680.575144530956;-924.06151405362
31;688.004946530075;-1253.41944604545
32;674.010968258409;-820.637316286892
33;673.580566586408;-593.377912468712
34;682.056090411649;-1090.88182111201
35;679.230963343416;-659.074678007895
36;663.544086251071;-590.690511001296
37;662.734864589593;-601.287997282307
38;680.607785082757;-1587.69103532904
39;664.343458861002;-280.481199493811
40;668.971850419414;-369.990306601582
41;688.594313724224;-1165.80488916197
42;677.684520197727;-1595.76832732074
43;668.074011059008;-724.840460105144
44;676.55946795645;-1415.50817361671
45;682.454229935354;-977.604324818188
46;661.031870253284;-534.701534130609
47;679.254723336852;-1076.309355163
48;671.678377731879;-1386.55231661332
49;681.556058682181;-1161.5472362707
50;685.685882781319;-1200.28293169141
51;700.645729258446;-1588.05448096449
52;667.572058011442;-1263.81110590906
53;668.462923333046;-848.156389106478
54;662.96822384054;-378.456425016475
55;675.109783181572;-500.720529035659
56;655.925170240423;-1296.18154119829
57;669.058917331144;-720.431509504575
58;669.037010470411;-693.674257308169
59;675.438760904166;-981.115635125564
60;680.943462844385;-1311.80234369213
61;678.807650964107;-1347.27999351787
62;660.110881959126;-866.630275427712
63;667.813772289767;-816.029163584532
64;676.452449338752;-779.518725053236
65;682.728358739355;-1519.59276430454
66;681.820112849677;-1294.76510560022
67;687.196581683075;-1717.07366797674
68;681.437386278194;-1131.43983849783
69;680.959798570629;-1573.90789955582
70;674.815727882853;-803.467245873819
71;665.030855264216;-367.481176090527
72;660.138523767416;-767.944314093352
73;684.485768795494;-1148.43054229177
74;681.98317262198;-1635.8157631636
75;674.929830913544;-1322.94433036768
76;667.889569735829;-266.981658012052
77;677.490432702504;-858.859762604089
78;678.376620026962;-1031.43842054908
79;672.468995198138;-789.540403990758
80;675.220879782798;-595.519819076358
81;662.206497099842;36.592925749578
82;675.24746435617;-770.557931557646
83;662.78415110021;-904.443124650224
84;674.847268289376;-1171.11767505715
85;664.215866343393;-512.129238758162
86;674.155041931889;-470.264475846075
87;675.385103290311;-923.893561768577
88;663.591721827996;-354.02285051626
89;683.290048329674;-727.623443828319
90;672.333025377406;-1151.22230219536
91;680.560970885176;-518.610617409917
92;689.601197410109;-1369.94450731053
93;679.286051444905;-1500.39424426388
94;677.161621617827;-1043.913892497
95;668.31516213628;-714.748476208839
96;675.286758628784;-1184.17122642128
97;683.378678979776;-1419.29074954109
98;685.572033752456;-1624.65059877247
99;654.763541983767;-270.543591385054
100;671.175710396456;-1096.99944834042
